1000
1
Store 1
-38.9340 -130.8896
101
STSU
3535
3
210
WPBL
2688
211
SYWY
2167
212
RBIH
1884
10324
2
Store 2
86.1986 -80.8124
102
BAXI
2863
3
220
KREF
1415
221
ABOJ
1446
222
KRQB
2267
8041
3
Store 3
-4.6611 131.0984
103
YNLC
5549
2
230
LBAP
2480
231
SHNV
1587
9666
4
Store 4
19.5206 -74.9345
104
OODM
3936
1
240
DNIM
1543
5529
5
Store 5
-59.2648 -176.8908
105
VCPG
4042
3
250
RDBM
2030
251
PJOE
2309
252
QTLG
1050
9481
6
Store 6
-53.0573 -41.7548
106
XKOG
6012
3
260
LPAY
1778
261
JREA
1110
262
KIUC
2841
11791
7
Store 7
79.9472 -72.5504
107
PXAV
3236
2
270
JDOS
1267
271
ZTII
2180
6733
8
Store 8
5.8861 50.6870
108
IDBG
3927
2
280
TZNA
1733
281
YDWU
1165
6875
9
Store 9
-27.5024 -59.2126
109
ZXTM
2079
3
290
BPHI
1923
291
GPDR
2385
292
BLKI
2314
8751
10
Store 10
-70.4218 97.1825
110
BIQV
3510
2
300
URPC
2298
301
NWAU
2933
8791
11
Store 11
-78.0355 -87.2945
111
AMHL
6790
3
310
TYFC
2207
311
TPJA
2297
312
IMBE
2196
13540
12
Store 12
-5.1939 -164.0584
112
SJAQ
5016
2
320
GVLY
2771
321
AHEO
1578
9415
13
Store 13
-22.1244 147.6223
113
KNHF
5864
3
330
UZBK
2345
331
DJGG
1913
332
DHTT
1649
11821
14
Store 14
-38.5220 -143.7440
114
MTKX
3390
2
340
WNLA
1815
341
SBKH
1753
7008
15
Store 15
23.1187 -179.2859
115
VQSA
5420
1
350
QHET
1545
7015
16
Store 16
33.1990 130.7468
116
OBSM
2555
2
360
JIHQ
1459
361
KABY
1805
5869
17
Store 17
16.1422 -98.0834
117
NCRJ
3172
2
370
YQWL
1040
371
FZHN
1492
5754
18
Store 18
87.0446 109.3558
118
JAYF
2078
1
380
IOFD
1867
3995
19
Store 19
-13.0219 118.9801
119
YMBR
3015
2
390
ZSJY
1096
391
CDIX
1608
5769
20
Store 20
61.9126 -20.1331
120
NEJK
2071
2
400
BGUN
2631
401
KMIL
1637
6389
21
Store 21
-27.4364 -151.1051
121
COYQ
4274
1
410
JVJK
1464
5788
22
Store 22
-15.8675 67.2768
122
OGYR
2530
3
420
ZYIF
1188
421
RMRE
2916
422
OIXY
2248
8932
23
Store 23
13.2527 71.4298
123
DWWP
4660
3
430
CVRA
2429
431
XELO
1362
432
ATDY
2748
11249
24
Store 24
-6.3695 28.8345
124
GWAQ
6121
1
440
YLRU
1345
7516
25
Store 25
24.1679 128.8021
125
LBFA
2005
3
450
TPNF
1770
451
BIOB
2574
452
PHSS
2267
8666
26
Store 26
26.2444 42.7656
126
OWXB
5358
2
460
UPAE
2204
461
SBVX
2606
10218
27
Store 27
19.6139 -140.5469
127
DIFJ
5679
1
470
GCVK
1381
7110
28
Store 28
30.6171 -53.3897
128
DQQQ
5101
1
480
UYVW
1707
6858
29
Store 29
-81.7380 -84.2512
129
WBRJ
5122
1
490
SWNA
1817
6989
30
Store 30
-59.5669 -170.2438
130
VNKJ
3174
1
500
ZYFG
2824
6048
31
Store 31
-10.4016 4.7078
131
WMAW
5878
2
510
NAYZ
1855
511
APHN
1360
9143
32
Store 32
61.9510 -156.2798
132
OUSQ
4916
2
520
VOXN
1033
521
KGOA
2956
8955
33
Store 33
16.6915 -52.9173
133
FWMI
6769
2
530
APJY
1741
531
UOCG
2518
11078
34
Store 34
-73.3607 -145.6008
134
MBZN
4709
1
540
UEGX
1551
6310
35
Store 35
86.5722 52.2141
135
ZPOD
2364
1
550
ADTT
1649
4063
36
Store 36
45.3008 65.8046
136
FYEQ
5181
3
560
PKLQ
1147
561
RGTQ
1771
562
TYQZ
2097
10246
37
Store 37
55.2547 177.7148
137
UGCO
5449
3
570
RTID
1870
571
UYJU
1914
572
ECVP
2047
11330
38
Store 38
71.8226 105.4006
138
JMZM
3667
2
580
LWLG
2276
581
XCAC
2251
8244
39
Store 39
78.2388 36.7888
139
BBGY
5048
3
590
ZROI
2559
591
OHPL
1554
592
XILX
2132
11343
40
Store 40
87.7807 -143.4034
140
BFIF
6756
2
600
LSDQ
2659
601
QSKT
2879
12344
41
Store 41
-50.8875 53.1590
141
CRYK
6091
3
610
MYWX
1846
611
QJCX
2854
612
UTTF
1373
12214
42
Store 42
-33.2923 67.4087
142
JGLL
2494
2
620
TWYQ
2307
621
DQUF
2507
7358
43
Store 43
-43.5978 163.1135
143
GUZQ
3972
2
630
XFGW
1916
631
MJGC
2373
8311
44
Store 44
-48.5968 117.7715
144
KSTP
5625
2
640
LZNL
1121
641
ZPMY
2771
9567
45
Store 45
21.5641 41.3593
145
FVLJ
4111
2
650
GXAV
2970
651
HDCJ
1351
8482
46
Store 46
63.4782 -8.9926
146
SOHC
6882
2
660
FWRS
1425
661
YRQT
1719
10076
47
Store 47
73.5804 -1.4118
147
EWUN
2856
3
670
YSCV
2819
671
JXMY
1686
672
KSJM
2251
9662
48
Store 48
-38.0770 57.3888
148
UZPN
2672
1
680
CUWN
1074
3796
49
Store 49
37.3189 -16.9689
149
TPRB
6691
3
690
RIBE
1752
691
DMND
1524
692
FUKM
1368
11385
50
Store 50
6.6112 51.9285
150
HMUU
5562
1
700
DYLJ
2875
8487
51
Store 51
-70.6415 -109.5865
151
HSEW
2130
3
710
MZVX
1184
711
SVWV
2108
712
GUBS
1546
7018
52
Store 52
4.2051 175.7262
152
AGPQ
3781
1
720
VQYA
2328
6159
53
Store 53
-69.9823 76.9781
153
VFFA
5001
2
730
TNOA
1081
731
OXAW
1382
7514
54
Store 54
-41.2192 -149.0945
154
IZKN
2303
3
740
FFKQ
1731
741
KSTG
2937
742
YROB
1543
8564
55
Store 55
-79.4418 -165.8931
155
TOAG
6668
2
750
HHBS
1829
751
LECD
1816
10363
56
Store 56
28.8482 -159.2132
156
EGME
6480
3
760
IUVC
1363
761
SZZW
1318
762
YVKT
1917
11128
57
Store 57
-33.8252 119.6722
157
NVLQ
3378
2
770
LIPO
2822
771
ULND
2533
8783
58
Store 58
-83.4739 -170.3977
158
XETA
4427
2
780
PSWU
1665
781
MBAD
2150
8292
59
Store 59
49.1955 -43.6665
159
YWAY
6868
1
790
FOHB
2565
9483
60
Store 60
-72.8498 -136.3280
160
QWCG
4640
2
800
UZBD
1141
801
JWAX
1431
7262
61
Store 61
-31.9245 165.1131
161
JPMX
6487
1
810
YENJ
2010
8547
62
Store 62
15.2632 6.7403
162
KAAM
5612
2
820
MLFQ
1026
821
FDZF
1677
8365
63
Store 63
0.5686 -151.6544
163
KMUA
2392
3
830
KXIF
2430
831
YIXO
1064
832
HWHR
1555
7491
64
Store 64
-11.1487 -30.1090
164
DRAG
2753
2
840
ROTU
2357
841
KLXV
1515
6675
65
Store 65
-76.6457 71.7154
165
MZXW
4536
1
850
GQAU
1095
5681
66
Store 66
13.9174 -163.5090
166
AAUZ
3984
3
860
OGRB
2930
861
BDIR
2094
862
ORGQ
1259
10317
67
Store 67
-30.1666 -91.0080
167
CIWV
2279
2
870
CREP
2175
871
DAGM
1369
5873
68
Store 68
-70.3229 -46.1055
168
OMQO
3049
3
880
SGCZ
1195
881
YNBS
2661
882
TEZL
1732
8687
69
Store 69
22.6408 -67.5954
169
JNVW
2395
1
890
JVFF
1866
4311
70
Store 70
17.5045 159.8834
170
MKXG
2811
3
900
CTUI
1203
901
VGJY
2788
902
SKKR
1498
8350
71
Store 71
36.2587 -56.4989
171
OLFJ
5031
2
910
SICK
1424
911
MOQG
1010
7515
72
Store 72
-22.7836 -63.9369
172
XTUN
3404
3
920
BQXD
1772
921
KDTW
1236
922
DDMD
1715
8177
73
Store 73
3.9470 -161.4875
173
GQLX
3237
3
930
AFGS
1986
931
RQQQ
2159
932
UKMX
2690
10122
74
Store 74
-80.8097 -55.0707
174
JDRJ
3976
2
940
NYEJ
2434
941
SAIN
1584
8044
75
Store 75
60.3140 8.9267
175
NCJD
4139
1
950
MAHB
1195
5384
76
Store 76
-15.1753 147.7981
176
JWEX
4703
3
960
HLNO
1670
961
SSKD
2285
962
GTBW
2092
10800
77
Store 77
76.2282 53.1919
177
EPBV
3771
2
970
MNQM
2659
971
UAYG
1387
7867
78
Store 78
83.7541 33.1962
178
WHBZ
2910
3
980
ODES
2678
981
EKOU
2761
982
FLTT
1985
10384
79
Store 79
-41.3895 23.5829
179
WVCK
4232
2
990
WGSP
1982
991
PDOV
2918
9182
80
Store 80
22.3112 156.2688
180
XMUO
4484
3
1000
HZYL
2380
1001
QFOB
1266
1002
TVKW
2054
10234
81
Store 81
62.1763 -14.8595
181
TGBV
5975
1
1010
GEUO
2782
8807
82
Store 82
-10.1105 -76.0442
182
GZHA
3082
2
1020
ARQP
2604
1021
ZXIB
2841
8577
83
Store 83
-88.9178 129.0878
183
DFAR
5111
3
1030
JGLJ
2528
1031
LXVK
1672
1032
BVOG
1501
10862
84
Store 84
-81.2601 165.0801
184
XVDO
6201
3
1040
RFEO
2418
1041
UKHT
1639
1042
XYCQ
1843
12151
85
Store 85
-2.5187 73.1767
185
PAKV
5445
2
1050
YZKN
1936
1051
AGMB
2740
10171
86
Store 86
22.1464 -18.2983
186
IVRP
6964
1
1060
FHSU
2877
9891
87
Store 87
34.2701 163.3882
187
EUIG
2780
1
1070
LXNE
1111
3941
88
Store 88
-45.3722 -137.9101
188
XJKJ
5403
3
1080
DFAA
1625
1081
MSVD
2541
1082
ICJW
1105
10724
89
Store 89
61.1765 76.0222
189
BJEK
6152
1
1090
POSN
2652
8854
90
Store 90
52.5465 13.7828
190
RKVT
4271
2
1100
WLGV
1595
1101
DNHY
2931
8847
91
Store 91
67.2686 140.4480
191
ONGM
2336
2
1110
DPDQ
2815
1111
KKGJ
1355
6556
92
Store 92
89.7473 34.9211
192
DFJR
2081
3
1120
XUUO
1980
1121
ABPG
1563
1122
IAAU
1645
7319
93
Store 93
-87.1380 -126.5059
193
VKWB
6934
3
1130
EQUB
2916
1131
AHOS
1473
1132
BMBW
2925
14298
94
Store 94
37.4783 -75.1543
194
RMWA
2250
2
1140
SUSM
2437
1141
UGJB
1589
6326
95
Store 95
9.0997 -6.2569
195
DTFP
5578
2
1150
YQWF
1524
1151
BAPF
1533
8685
96
Store 96
78.1179 -67.3318
196
CXFA
2142
1
1160
IXSA
1367
3559
97
Store 97
-45.8116 -158.9386
197
MVGM
4142
3
1170
MKEY
1321
1171
UDXN
1308
1172
RBEC
2186
9007
98
Store 98
-1.9913 155.2910
198
BMOR
2676
1
1180
CBMC
2442
5168
99
Store 99
6.4629 -120.0458
199
MQLL
4379
3
1190
BLKY
1896
1191
OCQJ
2780
1192
NGBS
1235
10340
100
Store 100
33.8581 21.9788
200
QMCQ
2683
2
1200
ZNDU
2112
1201
RWUG
1709
6554
101
Store 101
-10.4181 127.6595
201
IQVD
3393
2
1210
VNBJ
1497
1211
AMOQ
1590
6530
102
Store 102
-49.6789 -149.0506
202
WUJP
2957
2
1220
ZEBU
1539
1221
DURK
1128
5674
103
Store 103
9.9841 144.5021
203
ZVOQ
4215
1
1230
KKGB
2975
7240
104
Store 104
-12.6814 84.9434
204
HMTH
3863
2
1240
DUOA
1138
1241
FJPF
2606
7657
105
Store 105
6.0674 -92.5242
205
QTQB
3837
1
1250
ZLLH
2697
6584
106
Store 106
8.4570 -88.3273
206
RORS
6245
1
1260
WEIT
1860
8155
107
Store 107
56.5126 148.7100
207
UARI
2241
2
1270
HTSE
1088
1271
DXTW
2366
5745
108
Store 108
-29.2053 -114.2338
208
YZEV
3250
1
1280
WGVT
1242
4542
109
Store 109
25.8928 155.9502
209
VXPU
2292
1
1290
ZOCB
1244
3586
110
Store 110
-42.6255 0.9174
210
YOCJ
2899
3
1300
QAXB
2771
1301
MOGN
1250
1302
TNWO
1372
8342
111
Store 111
47.8002 178.4729
211
GWIG
3859
1
1310
JUML
1956
5865
112
Store 112
-89.5276 -39.9750
212
MGRQ
3615
3
1320
UPYC
2390
1321
MNXV
1497
1322
YGKG
2011
9563
113
Store 113
29.9634 101.3794
213
CFJP
2196
3
1330
QZXH
2551
1331
COEQ
1818
1332
MUNV
2765
9380
114
Store 114
-89.9341 79.9994
214
CUNL
6188
1
1340
RHWV
2275
8513
115
Store 115
36.6597 -133.1309
215
ETDK
2413
3
1350
BHHQ
1995
1351
OCGB
2722
1352
RJQN
1871
9051
116
Store 116
-59.5065 109.1250
216
KKQZ
6849
1
1360
MNOV
2176
9075
117
Store 117
-62.2532 -77.3186
217
QPOJ
6521
2
1370
ZXYY
2900
1371
SBOK
1342
10813
118
Store 118
-50.8820 40.2387
218
FUQD
5839
1
1380
DQVC
2422
8311
119
Store 119
-85.5339 -18.2983
219
RNQT
4293
1
1390
MMGG
1502
5845
120
Store 120
-37.8133 -64.9037
220
YLDI
6447
2
1400
DRFI
2775
1401
WWQA
2686
11958
121
Store 121
-29.7491 -67.8042
221
ZGAP
5744
3
1410
KORE
1249
1411
RQDT
1805
1412
OSUE
2648
11496
122
Store 122
-35.8632 -8.0587
222
EXJH
3014
3
1420
JZHO
1461
1421
IDXT
2546
1422
ZBJU
1920
8991
123
Store 123
-61.0337 142.2608
223
RYPM
6072
2
1430
TCUF
1919
1431
REXY
2146
10187
124
Store 124
42.0652 25.5824
224
TIEW
2269
1
1440
TROK
1685
4004
125
Store 125
87.4950 142.4696
225
ZUTC
6088
3
1450
RKJX
2816
1451
CIZC
2298
1452
QHNI
2268
13520
126
Store 126
-19.1470 157.3785
226
OTCQ
5248
2
1460
LJQT
2068
1461
KUZN
1760
9126
127
Store 127
-28.9966 110.5313
227
ZANA
3419
2
1470
QEQP
1562
1471
AOLE
1862
6893
128
Store 128
-84.1661 -107.3782
228
YGWY
3866
3
1480
WUKL
1254
1481
NRGF
1971
1482
WWFT
1419
8560
129
Store 129
60.2591 -90.1071
229
YUCD
4049
2
1490
VQMM
1534
1491
VAOH
1315
6948
130
Store 130
72.9707 74.2204
230
TWYW
3028
2
1500
AVYF
2951
1501
NUCC
2416
8445
131
Store 131
72.0643 -127.1761
231
WRIE
2654
3
1510
YXJZ
2204
1511
LJYA
1795
1512
DWQB
2181
8884
132
Store 132
-26.5740 117.8594
232
SAJL
4441
2
1520
MDOQ
2592
1521
OMIP
1378
8461
133
Store 133
-30.5182 -118.5516
233
EEHE
2616
1
1530
FYAI
2732
5398
134
Store 134
-71.5479 -163.5640
234
OVDX
6331
1
1540
BITE
1581
7962
135
Store 135
82.9795 150.9183
235
AVBM
2145
1
1550
GGWW
2708
4903
136
Store 136
-41.5213 -57.9162
236
UUFJ
5736
2
1560
GKQL
1230
1561
XFXV
2810
9826
137
Store 137
-6.5947 162.5642
237
VSRQ
2535
2
1570
DOUU
2158
1571
NVLK
1860
6603
138
Store 138
76.0250 39.0741
238
GMWH
5112
1
1580
GYME
2930
8092
139
Store 139
75.3273 -135.5260
239
TAUY
4627
3
1590
ICTJ
1598
1591
NMQZ
1034
1592
DJTF
1194
8503
140
Store 140
53.2606 -163.7068
240
BCEW
2930
1
1600
XNLW
2910
5890
141
Store 141
68.7573 174.6495
241
CFWG
5190
2
1610
WVXC
2849
1611
XIOQ
2461
10550
142
Store 142
-28.1231 -144.8647
242
NHLV
5624
1
1620
KHKU
2104
7778
143
Store 143
-72.9817 -48.2699
243
XOOQ
2182
3
1630
VPJQ
2410
1631
PLBD
2535
1632
MDUY
1956
9133
144
Store 144
12.8791 40.5683
244
SUXL
3349
3
1640
TGAO
1449
1641
VTYV
2369
1642
IVJN
2882
10099
145
Store 145
-2.7219 51.5110
245
VCMH
2871
1
1650
IJEB
1720
4641
146
Store 146
35.9181 -167.0138
246
ZIHR
5928
1
1660
NHWQ
1311
7289
147
Store 147
56.0018 160.1141
247
ZRGA
6616
1
1670
VLIK
1336
8002
148
Store 148
53.2771 -130.9885
248
CZAM
3402
3
1680
PJAV
2542
1681
PDRB
1849
1682
RPRD
2831
10674
149
Store 149
39.0384 -115.1897
249
VWQP
6100
2
1690
CLXG
1484
1691
RWQS
2893
10527
150
Store 150
82.2544 91.5574
250
UCSB
6874
3
1700
GHPX
2199
1701
LKNA
2772
1702
NXSX
1820
13715
151
Store 151
65.6755 -92.6121
251
JKTK
2120
1
1710
WPNP
1703
3873
152
Store 152
-41.8290 89.7446
252
ONVZ
5111
3
1720
YDXV
2091
1721
AEWS
1358
1722
DRQG
1265
9875
153
Store 153
-18.8833 51.7417
253
CJDN
4461
1
1730
SQAA
1123
5634
154
Store 154
-0.4093 151.4237
254
BHMH
3596
3
1740
BGOC
2250
1741
WEEY
1455
1742
VLJJ
2949
10300
155
Store 155
-31.1994 -35.3056
255
AKFH
2259
3
1750
WAII
2045
1751
EENL
2743
1752
KLLM
2351
9448
156
Store 156
-69.0045 -111.5311
256
IIXF
5739
1
1760
DXMX
1298
7087
157
Store 157
72.9267 -137.8552
257
SYSK
4698
1
1770
HZKZ
1708
6456
158
Store 158
-59.0121 97.2045
258
RQWR
5106
1
1780
CCED
1510
6666
159
Store 159
-18.4439 -157.8509
259
TZLE
5217
3
1790
BRKL
2780
1791
LSZR
2322
1792
DTZS
1414
11783
160
Store 160
-1.5793 107.1255
260
CXYP
4520
2
1800
WHCP
1759
1801
FUJT
2240
8569
161
Store 161
87.7642 -147.4465
261
TQKR
3608
2
1810
WWDK
2236
1811
KMCP
1382
7276
162
Store 162
-84.7484 -71.8802
262
LZLO
4030
2
1820
WKTW
1236
1821
WRHQ
1885
7201
163
Store 163
-67.2576 -3.4773
263
AGGS
2355
2
1830
GWDT
1243
1831
SHZU
2429
6077
164
Store 164
-16.5596 4.4661
264
CTWW
6256
3
1840
ZNEN
2146
1841
XERP
2195
1842
RIOV
1219
11866
165
Store 165
-42.5816 37.2613
265
PAYW
2018
1
1850
BYXI
1670
3738
166
Store 166
48.4539 64.7719
266
UUVD
3228
2
1860
CALX
1202
1861
HBUR
2933
7413
167
Store 167
84.6660 -29.9222
267
QMVF
5501
2
1870
FZVH
1721
1871
JIWI
1341
8613
168
Store 168
-40.6479 -113.8054
268
LUAZ
4075
3
1880
YKDE
1000
1881
PTSS
2207
1882
BWLF
1871
9203
169
Store 169
36.2807 -29.7024
269
BUNV
3033
2
1890
HMBC
1457
1891
ZWAX
2025
6565
170
Store 170
-12.5715 -123.7593
270
PINF
4322
1
1900
FKXS
2603
6975
171
Store 171
0.2884 82.8339
271
UFAR
3496
2
1910
WTYQ
1162
1911
YUZL
2472
7180
172
Store 172
58.2430 -155.6645
272
YKNB
4645
1
1920
EYJL
2884
7579
173
Store 173
-88.5058 139.9207
273
TZZM
6357
1
1930
UJEL
1062
7469
174
Store 174
-64.0605 139.2505
274
LVSD
6169
2
1940
SCND
2996
1941
GWUK
2630
11845
175
Store 175
77.8048 -171.5073
275
AUEE
4106
1
1950
YRRG
2607
6763
176
Store 176
8.6547 35.6792
276
UCHC
6541
3
1960
IEKM
2533
1961
PCTS
2294
1962
CHVG
2330
13748
177
Store 177
-10.4621 60.8936
277
GLYM
2418
2
1970
DKII
2467
1971
LCUF
2186
7121
178
Store 178
-58.7374 25.4067
278
CLGP
4522
2
1980
LTQG
2233
1981
WFBJ
2908
9713
179
Store 179
-68.9496 -130.0436
279
YUZJ
5590
1
1990
IHBM
1714
7354
180
Store 180
-48.0694 -176.5941
280
ICVV
2728
3
2000
QSEU
1410
2001
MJEI
1331
2002
SSGS
2061
7580
181
Store 181
84.3419 -107.1255
281
BGOV
6818
1
2010
KVQH
2752
9620
182
Store 182
-64.6263 147.9849
282
UUMC
2853
3
2020
WNWL
2353
2021
BDDA
2363
2022
WTYU
1921
9540
183
Store 183
-8.0670 -141.0962
283
FNJY
2969
1
2030
TJGF
2323
5342
184
Store 184
84.9461 -31.1417
284
IQQD
6221
3
2040
JAER
1233
2041
JJVE
2091
2042
VFVV
2485
12080
185
Store 185
-21.9596 7.5753
285
SLAH
4139
3
2050
YOFA
2952
2051
WRYE
2740
2052
PEWO
1438
11319
186
Store 186
-71.8995 23.1104
286
EUOK
4955
1
2060
HART
2977
7982
187
Store 187
-17.4825 29.8782
287
ZFTX
2591
2
2070
QHKD
2677
2071
ANLY
2819
8137
188
Store 188
-73.1739 -12.7171
288
BGAB
2212
3
2080
WELP
2242
2081
ZOGZ
2058
2082
WQDE
1658
8220
189
Store 189
-49.6735 -42.9414
289
IRYU
5834
2
2090
MKNX
1634
2091
OFBR
2012
9530
190
Store 190
-37.1596 -32.6798
290
RYLN
4139
3
2100
LMDY
1339
2101
EYSH
2346
2102
QFIN
2016
9890
191
Store 191
-20.8280 -136.9652
291
MPKK
2255
3
2110
POCT
2854
2111
IOYH
1448
2112
DHJM
1824
8431
192
Store 192
-51.1567 141.4039
292
YMFE
3553
2
2120
XFXK
2981
2121
UHYC
1495
8079
193
Store 193
6.9518 -19.8804
293
WFDS
6659
3
2130
XYHR
2091
2131
DFWF
2711
2132
LABO
1049
12560
194
Store 194
3.3811 112.9154
294
XQXW
4966
1
2140
MJOK
1380
6396
195
Store 195
81.0733 -148.0837
295
ZIWM
4235
2
2150
EOFR
1902
2151
XOPK
1396
7583
196
Store 196
57.2323 105.8950
296
XVNB
6494
2
2160
ABBR
1559
2161
POIE
2583
10686
197
Store 197
-3.2438 117.8375
297
PIUF
4596
1
2170
SBDO
2835
7481
198
Store 198
-47.9101 39.6124
298
MXAG
5333
2
2180
KLTW
2495
2181
YOXX
2654
10532
199
Store 199
-75.2284 -33.4379
299
LXNX
4097
1
2190
KYFS
2498
6645
200
Store 200
-88.0883 -145.6447
300
TWPQ
2960
3
2200
LALA
2286
2201
FHUG
2563
2202
TDLJ
2482
10341
201
Store 201
79.9362 137.8112
301
QNMN
2187
2
2210
UXCM
2823
2211
RBNH
2287
7347
202
Store 202
35.2589 -158.0926
302
FCDH
4535
3
2220
UCUM
2048
2221
GYOG
2273
2222
RTZZ
2349
11255
203
Store 203
49.8767 177.5390
303
YRAC
3129
1
2230
CAGG
2116
5295
204
Store 204
-34.5888 -39.7443
304
WPIW
6953
3
2240
SFHH
2841
2241
AOLP
2057
2242
PISV
2121
14022
205
Store 205
-62.8574 37.9644
305
RFJU
2667
2
2250
PJYG
1068
2251
YVDP
2480
6265
206
Store 206
-33.9241 -2.6203
306
ANIJ
6477
3
2260
OPFI
2768
2261
DXZX
1090
2262
TGKG
1720
12105
207
Store 207
-23.4373 -106.6091
307
HXKD
6412
1
2270
MKXC
1923
8385
208
Store 208
67.9717 55.4772
308
VVCQ
3461
1
2280
ATAM
1602
5113
209
Store 209
-45.2293 134.5811
309
DYTL
6982
2
2290
JXHS
1602
2291
OUDY
2792
11426
210
Store 210
69.3890 -174.2540
310
RBXZ
3387
2
2300
IXBZ
2791
2301
IILX
2011
8239
211
Store 211
37.2640 -39.5355
311
ABHX
2123
2
2310
VQUN
2887
2311
NWDQ
1748
6808
212
Store 212
-5.4576 97.5341
312
LLJF
5343
1
2320
VLGI
1027
6420
213
Store 213
13.9613 -3.3125
313
OUVP
6548
1
2330
UYFK
1586
8184
214
Store 214
2.9307 -34.5915
314
TOTG
6496
1
2340
RTNM
2746
9292
215
Store 215
21.3773 15.4967
315
QETH
6868
3
2350
NXGU
1830
2351
NPVY
2772
2352
QLSK
2872
14392
216
Store 216
-3.9909 16.1669
316
CUIN
6314
1
2360
UMVJ
2009
8373
217
Store 217
72.0753 98.4021
317
PFRT
4283
3
2370
TJZQ
2350
2371
IDMU
2627
2372
VPOV
2533
11843
218
Store 218
-18.1417 -119.7162
318
COVS
4212
1
2380
SZZZ
2188
6450
219
Store 219
-37.2970 61.7286
319
MQTP
2909
3
2390
WNVK
2719
2391
EREM
2140
2392
ZVTN
1361
9179
220
Store 220
-84.7758 156.4666
320
FUFV
3186
1
2400
YRKJ
1863
5099
221
Store 221
88.7310 13.5520
321
TLYX
4768
1
2410
JDFI
2987
7805
222
Store 222
-18.9053 30.6803
322
QIMZ
2143
2
2420
LBAL
2906
2421
UPHL
1713
6812
223
Store 223
57.2652 -154.9944
323
YNAA
3182
1
2430
VXJT
1434
4666
224
Store 224
84.5451 -100.8631
324
MZVD
2491
2
2440
DOVC
1603
2441
HJNQ
1369
5513
225
Store 225
54.4636 69.2544
325
MWID
3084
1
2450
XYWO
2125
5259
226
Store 226
60.3745 -44.3916
326
EHPR
6825
2
2460
ZGKP
1339
2461
MFDX
1441
9655
227
Store 227
-38.6264 -108.0154
327
BJOQ
5822
1
2470
VIUP
1490
7362
228
Store 228
-66.4336 -152.3136
328
NCHZ
5864
2
2480
VHIN
1269
2481
AHFT
2459
9642
229
Store 229
5.8531 -28.3291
329
GMEG
6177
2
2490
ENGB
2564
2491
KZTB
2357
11148
230
Store 230
34.5723 -88.8986
330
WPXE
4012
3
2500
QGJZ
1214
2501
UCUM
1733
2502
BLVC
2907
9916
231
Store 231
-46.0533 -15.7164
331
YEIM
3900
2
2510
IGLD
2000
2511
FAPJ
1072
7022
232
Store 232
-85.9349 2.7741
332
JWME
6257
3
2520
WKXJ
1479
2521
MPXX
2149
2522
JLPG
2001
11936
233
Store 233
-59.2923 102.1485
333
RRVI
3875
2
2530
RTKR
2127
2531
TCOJ
1711
7763
234
Store 234
-86.7589 -16.9799
334
SMAX
6601
3
2540
SKBH
1535
2541
UVQS
2929
2542
JYCA
2906
14021
235
Store 235
6.9793 -131.2741
335
ZGWB
5621
2
2550
XSZC
1980
2551
XWVI
2288
9939
236
Store 236
55.8095 -43.6995
336
UPXU
3233
1
2560
LJBR
2988
6271
237
Store 237
34.3086 -35.6133
337
XQFK
2274
2
2570
NTPQ
2647
2571
EQLX
1405
6376
238
Store 238
67.3675 162.5971
338
UZWD
2241
3
2580
HPPI
2535
2581
CPNA
2084
2582
KVVP
1302
8212
239
Store 239
-58.8473 -110.3665
339
KDIE
5400
1
2590
ZOGZ
1072
6522
240
Store 240
84.9846 -150.0064
340
GVLM
4283
2
2600
HYEA
1293
2601
QMZY
2081
7707
241
Store 241
20.0150 -0.0714
341
TPRN
4731
2
2610
CDZR
1118
2611
OQRT
2735
8634
242
Store 242
2.7769 45.8638
342
YSQY
3356
2
2620
BONN
1527
2621
IJWA
2028
6961
243
Store 243
28.9032 -123.9900
343
NEBA
2425
3
2630
CMRA
1773
2631
BYNX
1990
2632
KOCA
1171
7409
244
Store 244
-36.5224 -1.9721
344
DHPD
4090
3
2640
PHGN
1487
2641
UQTD
2535
2642
WHCR
2857
11019
245
Store 245
-54.8701 -28.0874
345
GBNT
5356
3
2650
HDRE
2030
2651
XGCE
2714
2652
ECSF
1625
11775
246
Store 246
83.4574 140.9754
346
WJBL
3163
2
2660
NWUB
2683
2661
MFQK
1553
7449
247
Store 247
19.1855 41.9526
347
BWYD
6021
1
2670
JJZQ
1802
7873
248
Store 248
27.0519 -107.9165
348
OVKF
2202
1
2680
BILG
1281
3533
249
Store 249
30.6610 -86.4376
349
NDCE
3004
2
2690
PIQT
2936
2691
JAOS
2836
8826
250
Store 250
-66.1425 177.0006
350
EVEB
3681
2
2700
FNMJ
1595
2701
IDOR
2317
7643
251
Store 251
-57.5124 -163.8166
351
MLBJ
5580
3
2710
GFOD
2568
2711
BHAE
1528
2712
PUXI
2894
12620
252
Store 252
67.7355 -84.3501
352
BLQS
4760
3
2720
SBTO
1359
2721
YHHG
1770
2722
XBPU
2556
10495
253
Store 253
65.8898 72.8910
353
KQFR
4070
3
2730
ELIV
2015
2731
KJQG
2995
2732
NKNZ
1391
10521
254
Store 254
-83.2981 10.3439
354
BFYO
2226
1
2740
HKUN
2678
4954
255
Store 255
-20.6082 75.9343
355
PNIN
5650
1
2750
DIOY
1479
7179
256
Store 256
-40.2524 -32.3063
356
KKSM
4721
2
2760
CFQT
1300
2761
TUTI
2484
8555
257
Store 257
19.3942 123.9351
357
BZWE
6561
2
2770
VACC
1760
2771
KWEL
2925
11296
258
Store 258
-34.1493 136.2621
358
XBVR
2188
3
2780
PKQX
1135
2781
YSDB
2639
2782
JMEC
1493
7505
259
Store 259
-22.5803 149.6109
359
XWIB
3765
2
2790
UGFD
1745
2791
YEXW
2828
8388
260
Store 260
-15.7741 -174.8802
360
XNRL
6863
2
2800
AHMP
1333
2801
AVJI
2433
10679
261
Store 261
72.6301 169.1671
361
RKDB
4363
2
2810
VKFS
2160
2811
UWHR
2946
9519
262
Store 262
-32.0234 171.4414
362
UOJT
2268
3
2820
IEFD
2807
2821
UKLB
2426
2822
IAVY
2063
9614
263
Store 263
4.0458 126.6488
363
NOXC
6745
3
2830
NWAK
2252
2831
WKIV
1694
2832
QDJJ
1496
12237
264
Store 264
64.0495 -38.3929
364
APEB
5378
2
2840
LIRI
2346
2841
TPPQ
1043
8817
265
Store 265
-50.1514 81.3617
365
BNCS
6758
3
2850
TBCX
2987
2851
RMYM
1523
2852
CVSE
1189
12507
266
Store 266
21.5476 6.0042
366
UDQR
2070
2
2860
CPPK
2099
2861
UHAD
2002
6221
267
Store 267
-9.9182 32.8666
367
KOVT
5548
2
2870
JYEP
1072
2871
CYRO
2143
8813
268
Store 268
25.6621 89.5798
368
AAOG
4856
2
2880
VRST
1316
2881
WPIG
1021
7243
269
Store 269
-61.3742 58.9599
369
VSQB
2276
3
2890
KAHV
1660
2891
NVXF
1732
2892
PIUR
1212
6930
270
Store 270
26.4367 -11.6843
370
DGAT
2248
3
2900
WSXW
1500
2901
ZVDH
1250
2902
MBCX
2817
7865
271
Store 271
16.4333 -99.0063
371
GDDG
5467
3
2910
FALT
2705
2911
ZUTK
2078
2912
DETX
2098
12398
272
Store 272
-82.5401 79.3951
372
TYPY
3807
3
2920
JEPI
1113
2921
STXX
1001
2922
OSQE
1577
7548
273
Store 273
-70.1746 -40.2826
373
QPZZ
4208
3
2930
BQBT
1138
2931
FJVL
1247
2932
NFDT
1076
7719
274
Store 274
82.9246 -171.7380
374
BLEE
5118
2
2940
JLQM
1100
2941
ITQJ
1175
7443
275
Store 275
60.9513 25.5385
375
YMKH
5305
2
2950
NBTG
1581
2951
DBKG
1258
8194
276
Store 276
-26.9420 18.1225
376
RSZK
3951
3
2960
TMWF
1814
2961
PRQR
2270
2962
RASV
2698
10783
277
Store 277
56.7763 -134.3284
377
AGBA
6527
2
2970
ZZOO
1728
2971
GLWY
1257
9562
278
Store 278
-32.9682 -8.4982
378
HUYN
6032
2
2980
RXAL
1465
2981
SKQJ
2386
9933
279
Store 279
65.6700 157.4993
379
BWXK
5322
2
2990
UEGS
2960
2991
JLTP
2439
10771
280
Store 280
-1.8870 -43.4028
380
QXII
6675
2
3000
SIAU
1744
3001
LJTY
1310
9779
281
Store 281
42.2575 -67.3977
381
TZUG
3924
1
3010
GPJF
2443
6417
282
Store 282
66.9005 -140.0415
382
GKLU
5177
1
3020
EISR
1823
7050
283
Store 283
52.4860 -132.5486
383
BSRR
5420
3
3030
ASGZ
2964
3031
YRHD
1322
3032
YCRV
2159
11915
284
Store 284
84.6001 62.8382
384
IIRS
3259
3
3040
CXYE
2357
3041
RZGJ
1001
3042
TSBO
2641
9308
285
Store 285
-21.9761 7.2787
385
OIUC
3158
2
3050
NTOD
1582
3051
RNZD
2842
7632
286
Store 286
-78.9364 121.0016
386
QWPG
3525
2
3060
XWJP
1357
3061
MMAI
1442
6374
287
Store 287
0.6125 -112.5968
387
CJOF
5259
1
3070
DNXK
1436
6745
288
Store 288
-50.6238 95.1061
388
QSWX
5416
1
3080
OFPR
2245
7711
289
Store 289
72.5916 -156.1150
389
UQRW
5928
1
3090
ZLFH
1883
7861
290
Store 290
13.1043 108.2351
390
KHRW
3227
1
3100
LYNZ
2061
5338
291
Store 291
-76.2722 158.8287
391
ZQQE
5343
1
3110
MBIN
1605
6998
292
Store 292
-77.0028 -84.5369
392
VQCZ
6350
1
3120
TVUT
1361
7761
293
Store 293
-40.4941 25.5055
393
SGQG
3646
2
3130
KLFC
1433
3131
MHOE
2415
7544
294
Store 294
-56.1776 18.1664
394
UNHD
6043
3
3140
KFAC
2951
3141
APWC
2374
3142
FJXL
1032
12450
295
Store 295
-78.9969 82.3176
395
OBXR
6746
2
3150
ZOUR
1346
3151
VHMV
1541
9683
296
Store 296
-5.8751 85.1631
396
YZWZ
5335
2
3160
KODA
2488
3161
ECKP
2653
10526
297
Store 297
-35.3578 24.1981
397
WHIG
6167
2
3170
CQNU
2834
3171
QFFE
1514
10565
298
Store 298
-45.5699 144.8647
398
BQVU
5253
2
3180
ZRFP
1618
3181
VUWV
2601
9522
299
Store 299
30.6006 -158.4881
399
QBTE
4441
2
3190
FGKE
1513
3191
QKVK
1051
7055
300
Store 300
-8.7371 91.6562
400
PMJG
2587
3
3200
OAAK
1154
3201
YEIS
1615
3202
PQYT
1627
7033
301
Store 301
47.6629 -6.0811
401
UWZM
5810
1
3210
URSP
1318
7178
302
Store 302
88.8299 139.2615
402
OJOX
4319
1
3220
PBAE
2778
7147
303
Store 303
10.2698 -116.1016
403
TPLA
2522
3
3230
XSTC
1062
3231
YRAT
1367
3232
UICG
2857
7858
304
Store 304
-12.8462 -10.7065
404
LADD
5160
3
3240
SUOP
2529
3241
NCQI
2909
3242
SGHY
2508
13156
305
Store 305
-52.9475 144.8647
405
OXEW
6577
2
3250
MXNG
2601
3251
PYHT
1882
11110
306
Store 306
-68.6804 39.3487
406
IVCH
2727
1
3260
QSNP
1967
4744
307
Store 307
19.3997 8.3224
407
SZSS
6838
3
3270
LOXH
1026
3271
NGNN
1060
3272
ZHMG
1678
10652
308
Store 308
40.0381 142.5355
408
DDTL
3001
3
3280
XRJB
1159
3281
GHRB
1519
3282
PCPE
2631
8360
309
Store 309
-31.2159 -126.0225
409
WFVK
5527
3
3290
TOXA
1962
3291
XPYH
2813
3292
YRYF
1756
12108
310
Store 310
-53.5627 -113.9702
410
NDEV
2954
2
3300
RJQQ
2894
3301
XCNM
1618
7516
311
Store 311
39.5273 174.1990
411
VZZV
6346
1
3310
SSFD
2605
9001
312
Store 312
-23.9152 -95.3807
412
OVLL
5089
2
3320
ABDT
2749
3321
EAJR
2960
10848
313
Store 313
-54.2384 122.1442
413
PIBF
2059
1
3330
FEVM
2945
5054
314
Store 314
61.0501 119.3316
414
JQIW
3246
3
3340
UASV
1411
3341
SZNX
1341
3342
BSUB
2606
8654
315
Store 315
45.5535 -73.3964
415
YIHU
2161
1
3350
WWZU
1202
3413
316
Store 316
-0.3049 153.6650
416
SOAA
5437
2
3360
SCFZ
2428
3361
JXXF
1107
9022
317
Store 317
87.4731 128.7582
417
QTAR
3817
1
3370
PVRY
1625
5492
318
Store 318
-14.4722 -110.6851
418
MREK
3776
1
3380
LNJD
1271
5097
319
Store 319
-74.8824 -88.4042
419
FOTR
5405
3
3390
JSJE
2509
3391
XEAR
1697
3392
FBYF
1793
11454
320
Store 320
-43.4056 172.0786
420
WULF
6080
2
3400
KJZP
1974
3401
HVRH
1787
9891
321
Store 321
-32.8144 -156.2358
421
TTFJ
2431
3
3410
GUXQ
2061
3411
DVVV
2262
3412
NENW
1458
8262
322
Store 322
16.3344 -13.1565
422
BCOP
5771
2
3420
LRTK
2493
3421
BJSB
1156
9470
323
Store 323
57.7212 -42.1064
423
KZUE
2932
2
3430
RUIS
2448
3431
WBKK
2839
8269
324
Store 324
77.8762 87.3605
424
WMJA
2595
2
3440
OVHZ
1689
3441
OMQA
2219
6553
325
Store 325
47.5311 166.3216
425
VLVN
2514
3
3450
LUUR
2132
3451
OZWQ
1994
3452
FLZA
2515
9205
326
Store 326
17.8506 115.1457
426
HGWB
6951
3
3460
IBGW
2551
3461
JHJS
1846
3462
ADPQ
2703
14101
327
Store 327
70.6140 -137.2179
427
TYIL
5718
3
3470
OREL
2313
3471
RFFY
1490
3472
BHIY
2163
11734
328
Store 328
-82.2709 18.0456
428
INNO
4616
2
3480
TOXK
1438
3481
JJYE
2926
9030
329
Store 329
89.0881 -12.3545
429
EOEO
5485
1
3490
XQYW
1256
6791
330
Store 330
-51.4093 102.8077
430
VXCK
6895
3
3500
MFXB
2479
3501
JAGT
1242
3502
XFBS
2018
12684
331
Store 331
-2.5791 48.0721
431
BMJU
6066
1
3510
QGES
1382
7498
332
Store 332
69.3506 -135.9764
432
RNPO
2656
2
3520
KUSH
1322
3521
GUIJ
1224
5252
333
Store 333
-4.3260 -138.3386
433
CAIO
6515
1
3530
PIQZ
2327
8892
334
Store 334
0.4477 162.8828
434
KRLH
3601
2
3540
WJXB
2930
3541
ZHIM
2920
9501
335
Store 335
27.5848 -36.2505
435
GZRK
4561
2
3550
MHPR
2299
3551
BZDQ
1800
8710
336
Store 336
61.1655 44.6992
436
BJZX
5908
1
3560
GSCD
2067
8025
337
Store 337
-56.6829 17.0788
437
UPDT
2404
1
3570
WUEJ
2639
5093
338
Store 338
8.0834 -148.3145
438
GLPM
2077
2
3580
DXUF
2982
3581
OPST
1002
6111
339
Store 339
-41.0709 85.1082
439
QPPQ
4290
3
3590
KQIC
2807
3591
NQUC
2945
3592
SAEF
2927
13019
340
Store 340
0.0632 65.8046
440
ZQDS
4269
1
3600
AKIR
1946
6265
341
Store 341
-22.4210 -155.9172
441
YYZA
6315
2
3610
FCHH
2448
3611
GQFO
2032
10845
342
Store 342
11.6266 -146.7434
442
WDWA
6643
3
3620
JLOT
1246
3621
YYCX
1306
3622
OPWO
2899
12144
343
Store 343
77.5906 -94.9193
443
IBGM
4089
2
3630
ULFJ
2590
3631
TSLV
1852
8581
344
Store 344
72.9872 122.3200
444
ZZQV
4726
2
3640
RPHK
2263
3641
JXSH
2907
9946
345
Store 345
-61.2424 -19.7375
445
XVTX
3803
3
3650
STYX
1120
3651
JIOH
2541
3652
KJQL
2600
10114
346
Store 346
-75.6294 -119.2218
446
ZEJS
3571
1
3660
PQON
1588
5209
347
Store 347
56.3918 23.0885
447
KVJI
3018
3
3670
AENP
2275
3671
KIKJ
1899
3672
RRVW
2965
10207
348
Store 348
-36.3137 -78.5382
448
FLZJ
6030
1
3680
ZPMS
2308
8388
349
Store 349
43.1364 -34.2289
449
UGLG
4218
2
3690
BLNK
2917
3691
QSWA
2379
9564
350
Store 350
-9.0942 166.0250
450
ARHX
2871
1
3700
GNUX
2072
4993
351
Store 351
62.5883 83.6689
451
QBMC
2221
1
3710
DZXC
2681
4952
352
Store 352
40.5380 103.2691
452
BNHZ
6228
3
3720
IWPF
2574
3721
KGYW
1123
3722
RQWM
1222
11197
353
Store 353
78.1069 -160.1251
453
OTIO
2035
2
3730
UDNR
2729
3731
KQJQ
2603
7417
354
Store 354
-1.7661 22.7918
454
HIZZ
4293
3
3740
EQAA
1911
3741
HSUP
2013
3742
FJQT
1219
9486
355
Store 355
76.0909 -142.7223
455
SKCM
5229
1
3750
LFKX
1614
6893
356
Store 356
17.8616 94.1722
456
QPPN
5005
3
3760
TPDU
2589
3761
LYWS
2995
3762
SAQG
1634
12273
357
Store 357
-21.6739 82.9218
457
AXHA
2243
3
3770
ISJI
2291
3771
MQNF
1629
3772
NOBX
1154
7367
358
Store 358
22.0035 -169.1122
458
IIRG
6273
3
3780
XGIH
2762
3781
VBGH
2030
3782
QQZX
2573
13688
359
Store 359
88.1652 -42.9963
459
SKFU
5151
2
3790
WFMW
1286
3791
WCRB
2067
8554
360
Store 360
-19.3777 86.5694
460
GMPX
3746
1
3800
ZYWK
2699
6495
361
Store 361
65.3679 141.1182
461
EIRO
2304
2
3810
ZCUE
2696
3811
ZEGG
1471
6521
362
Store 362
42.8617 -39.5904
462
XCTQ
3879
3
3820
OTGD
2541
3821
TZJJ
2894
3822
HLMT
1642
11006
363
Store 363
-40.5325 -98.8635
463
CJCU
4744
3
3830
TODP
2120
3831
FBKE
1873
3832
CJDB
2197
10984
364
Store 364
-80.4361 -155.1482
464
LRPK
2111
1
3840
CJPI
2956
5117
365
Store 365
-24.5744 116.3982
465
TGLM
4912
2
3850
RJEV
2718
3851
HHRN
2618
10298
366
Store 366
-26.5740 125.9566
466
VZAQ
3050
3
3860
QXTS
1758
3861
XMFN
1091
3862
EVML
1781
7730
367
Store 367
77.0248 -80.1642
467
ZBWE
5103
1
3870
FRKY
1347
6500
368
Store 368
-22.3496 -29.3069
468
NUCF
6816
1
3880
WYMZ
2658
9524
369
Store 369
-79.4143 10.7395
469
ROOM
2277
2
3890
TMOM
1329
3891
FWDI
1216
4872
370
Store 370
18.5208 -60.4871
470
AORI
4095
1
3900
EZKY
2326
6471
371
Store 371
88.7805 -166.6292
471
ABZL
3916
2
3910
MJED
1873
3911
ZQZM
2986
8825
372
Store 372
-59.3252 -15.3648
472
PIQD
2951
2
3920
ADNX
2443
3921
CGFO
2427
7871
373
Store 373
-76.9918 -175.1219
473
HPEC
4547
3
3930
FVZI
2564
3931
NTDN
1488
3932
TPOW
1307
9956
374
Store 374
68.2244 -46.2703
474
YQXB
5446
1
3940
HCTR
2869
8365
375
Store 375
-47.1026 -107.4660
475
QPTF
3638
1
3950
EOBB
2449
6137
376
Store 376
55.2657 179.1101
476
SFLJ
4773
1
3960
FALH
1704
6527
377
Store 377
-1.6672 15.4857
477
GZIN
2968
2
3970
SDBM
1141
3971
LAAY
2735
6894
378
Store 378
86.9457 -152.1598
478
FILW
5932
3
3980
MCEK
2416
3981
UREI
1042
3982
MWJC
2515
11955
379
Store 379
2.4528 -14.9364
479
WHTO
2624
2
3990
PHZV
2371
3991
DDJN
1146
6191
380
Store 380
47.9595 144.2164
480
JZWI
5184
2
4000
TNGS
1680
4001
TVOC
1316
8230
381
Store 381
25.1567 170.2878
481
AHLH
4342
1
4010
IBFF
1555
5947
382
Store 382
74.3495 -24.6266
482
WGAN
3129
1
4020
BJKK
2071
5250
383
Store 383
-63.6265 -101.3245
483
VHMK
5524
1
4030
RSQU
1700
7274
384
Store 384
-28.6175 47.5448
484
FOPP
5139
2
4040
JHHO
2525
4041
VZHM
1510
9224
385
Store 385
-63.0937 108.3889
485
MGQH
2795
2
4050
RLBC
1582
4051
BKWW
1750
6177
386
Store 386
-37.1322 -139.7559
486
BSCY
5387
1
4060
MXOU
1770
7207
387
Store 387
6.7101 119.9799
487
FJFB
6255
3
4070
LRNT
1866
4071
XYHL
2624
4072
AUFS
2403
13198
388
Store 388
9.1272 50.8408
488
QRXH
4581
3
4080
GLWF
2884
4081
YWKW
1653
4082
HFKT
2186
11354
389
Store 389
-62.1488 -146.5456
489
SPXN
6540
1
4090
FPOK
2854
9444
390
Store 390
-44.0483 -139.9646
490
MIYT
5059
3
4100
VVSU
1667
4101
GCUV
2066
4102
AIOP
2600
11442
391
Store 391
-48.5528 5.8284
491
QIPZ
5055
3
4110
FSTV
2130
4111
HPXI
2888
4112
TNIS
1329
11452
392
Store 392
30.4688 -108.3120
492
ZUXH
4124
3
4120
LYQL
1805
4121
QXRB
2674
4122
BBTP
2004
10657
393
Store 393
36.3466 -162.8388
493
XPQB
5708
2
4130
ANWA
2353
4131
LKGE
1948
10059
394
Store 394
-25.8434 136.0094
494
XONB
6967
3
4140
ONKD
1399
4141
KCVV
2880
4142
YTJD
2384
13680
395
Store 395
24.1734 116.8596
495
PUMW
5205
2
4150
SUII
2003
4151
BEFM
1412
8670
396
Store 396
-43.2517 -18.6828
496
BDPW
4420
3
4160
FXHM
2058
4161
QVZX
2393
4162
YHWH
2682
11603
397
Store 397
-27.6617 78.6920
497
YJQY
6020
1
4170
NOOD
2358
8428
398
Store 398
-12.9670 12.4424
498
DVGH
5888
1
4180
RGCI
1302
7240
399
Store 399
1.9419 -84.3611
499
GBAY
5264
3
4190
XWLJ
1238
4191
BUWL
1571
4192
IUWX
1377
9500
400
Store 400
3.0735 37.3492
500
MAFE
6562
3
4200
MAJE
1542
4201
YAVQ
2702
4202
YGND
2606
13462
401
Store 401
53.1562 -0.6207
501
MKYY
3258
2
4210
UEST
2327
4211
TIQL
1314
6949
402
Store 402
-74.6791 35.0969
502
SUVW
2922
1
4220
AWUV
1129
4101
403
Store 403
-56.4907 -85.5806
503
GFOY
3093
1
4230
NZXG
1956
5099
404
Store 404
-6.7211 2.7851
504
WWHB
5537
1
4240
LOBG
2048
7635
405
Store 405
62.1818 -140.9424
505
MXJR
4947
1
4250
KATR
2290
7287
406
Store 406
24.0251 1.9172
506
OQKR
4598
1
4260
BCOA
1050
5698
407
Store 407
-41.0709 -139.1296
507
TQOY
6055
1
4270
GKOX
1211
7316
408
Store 408
83.5398 -29.1421
508
JIBC
5120
1
4280
TGOD
1168
6338
409
Store 409
-60.8634 -10.2780
509
QDSP
2912
3
4290
VGGU
1629
4291
VEGV
1620
4292
YSFW
2823
9034
410
Store 410
-34.6657 -113.3988
510
ZTXE
5196
3
4300
OOFI
1660
4301
HAUI
1725
4302
GNJQ
1372
10003
411
Store 411
-63.2200 -30.2298
511
ZODA
3807
2
4310
REQV
2692
4311
LYEQ
2931
9480
412
Store 412
31.4521 -175.0450
512
OCPC
6283
1
4320
IUOY
2897
9230
413
Store 413
-21.4487 -134.3394
513
TSMD
3172
3
4330
XATB
2774
4331
YDBK
1790
4332
FNMO
2233
10019
414
Store 414
31.3752 41.5241
514
FPKO
3478
2
4340
BWRN
2344
4341
CQHI
2176
8048
415
Store 415
88.7420 126.5828
515
OKWK
4014
1
4350
SEXU
2799
6863
416
Store 416
2.7165 -81.4936
516
YNRA
6032
1
4360
YKYK
1409
7491
417
Store 417
70.7404 -69.1226
517
KAKK
4332
3
4370
RPRE
2931
4371
DKSG
2919
4372
KXMC
1935
12167
418
Store 418
20.9543 157.5542
518
IVDW
3233
1
4380
RZOR
2147
5430
419
Store 419
37.5277 -147.6882
519
EYGR
4203
1
4390
JFPT
2410
6663
420
Store 420
-51.4753 8.9926
520
BADF
3199
3
4400
IDEM
1876
4401
BNUY
1704
4402
PLPZ
2744
9573
421
Store 421
23.3824 70.9354
521
MAMV
4213
3
4410
YGLV
2279
4411
DUPF
2486
4412
KWVW
2679
11707
422
Store 422
-21.6739 -69.1775
522
NWET
3883
2
4420
ESDI
2166
4421
JWSN
2043
8142
423
Store 423
76.1019 75.9453
523
DDNG
5262
1
4430
PVNX
1283
6595
424
Store 424
27.8155 -91.6782
524
DDCA
3000
1
4440
EZAQ
2981
6031
425
Store 425
54.7823 -148.0618
525
WNBR
4374
2
4450
QFXV
1067
4451
IHPQ
1057
6548
426
Store 426
-37.0058 -8.2675
526
MBQV
3484
1
4460
UTUB
2682
6216
427
Store 427
-58.4024 78.6151
527
EHQT
4013
2
4470
QQTI
2640
4471
OSGV
2211
8914
428
Store 428
77.2390 88.5360
528
HBZL
6678
3
4480
KOKG
1594
4481
SSFR
1784
4482
CLHS
1794
11900
429
Store 429
-2.6011 -42.4909
529
STEO
5100
1
4490
EOEA
2259
7409
430
Store 430
15.2303 88.0526
530
YDUQ
4269
2
4500
FOHU
2857
4501
IBFA
1232
8408
431
Store 431
-76.6897 -22.3194
531
JKXX
6729
2
4510
LSAI
2142
4511
CIHO
1856
10777
432
Store 432
5.2599 22.1986
532
ZXXY
5987
3
4520
EDJF
2117
4521
CJRY
1190
4522
GEKP
2997
12341
433
Store 433
83.3036 117.1343
533
CLHY
3284
2
4530
BYIW
2493
4531
RAGO
1745
7572
434
Store 434
-76.0469 146.4687
534
FYZI
2016
1
4540
AGKP
1962
4028
435
Store 435
13.2746 -81.6913
535
ZVEK
6587
2
4550
JCBW
1860
4551
PVKB
1516
10013
436
Store 436
-52.0191 -30.1968
536
FGIU
6835
2
4560
WJUE
1072
4561
WMNQ
1085
9042
437
Store 437
-13.3845 -81.8122
537
TFUU
6511
1
4570
ARSP
2079
8640
438
Store 438
-59.1055 -20.6714
538
GYNC
5349
3
4580
WUJQ
2557
4581
ANTL
2509
4582
LBBF
2265
12730
439
Store 439
40.8512 -131.7795
539
KZVB
6599
3
4590
EPMV
1192
4591
EAZG
1144
4592
OTTF
2056
11041
440
Store 440
-0.7224 70.8695
540
RJRN
5507
3
4600
LMRV
1729
4601
VSKW
1696
4602
WMIB
1114
10096
441
Store 441
31.3807 24.4618
541
OBYR
5713
2
4610
GHVZ
2283
4611
RGFW
1801
9847
442
Store 442
-73.6464 -40.0189
542
RHON
5734
3
4620
JLJT
2198
4621
HVYP
2711
4622
UUQJ
1713
12406
443
Store 443
-79.9252 61.1573
543
KCWM
6415
2
4630
NLGV
1808
4631
OYBI
2364
10637
444
Store 444
34.3855 -52.9173
544
EZLQ
3475
2
4640
MGUB
2475
4641
INOX
1726
7726
445
Store 445
-88.7146 -102.5550
545
UCDO
6700
1
4650
WNDF
1455
8205
446
Store 446
-83.1498 68.6062
546
TVMO
5768
2
4660
UTQZ
1460
4661
IJQC
1987
9265
447
Store 447
-46.7840 -45.7210
547
TQMF
5084
2
4670
FNDL
2322
4671
AUNQ
2653
10109
448
Store 448
13.2527 -130.9336
548
OWTR
5650
1
4680
NJJD
1046
6746
449
Store 449
65.4778 142.3707
549
GTSU
5349
2
4690
SCFC
2542
4691
DUCG
1449
9390
450
Store 450
-18.0374 -50.6980
550
YYSX
6433
2
4700
KCFR
2034
4701
IVGB
1074
9591
451
Store 451
-29.0075 105.3676
551
ROXL
3366
1
4710
ZYRM
2654
6070
452
Store 452
-4.4908 -39.6344
552
BYEP
6882
2
4720
QVSN
1391
4721
UHQF
2387
10710
453
Store 453
55.4579 115.2336
553
XWCX
5417
1
4730
RRXX
1868
7335
454
Store 454
46.6192 114.4096
554
LXRD
6588
2
4740
OQIU
1847
4741
WBRF
1262
9747
455
Store 455
-42.9771 -115.4424
555
KCAH
4077
2
4750
IVBN
2129
4751
YKAR
2237
8493
456
Store 456
-76.3106 141.0743
556
FWJY
5004
1
4760
JMRA
2891
7945
457
Store 457
77.6016 -19.7266
557
WOHD
2000
2
4770
FLJY
2725
4771
DKFR
1642
6417
458
Store 458
-41.1313 58.7292
558
JOFM
4393
1
4780
MEUC
2372
6815
459
Store 459
84.5122 134.2515
559
HNPO
3807
2
4790
LFSM
2535
4791
XDKT
2010
8402
460
Store 460
-78.9364 -163.1245
560
QTLP
3255
2
4800
MFWB
2212
4801
EWMA
2089
7606
461
Store 461
45.6359 -53.8511
561
EAYM
4997
3
4810
TWJA
1929
4811
QYZD
1039
4812
IYFU
1231
9246
462
Store 462
79.3100 -20.1221
562
FFVF
2382
2
4820
VTOO
2126
4821
YYSP
2129
6687
463
Store 463
72.6521 -36.4153
563
EROW
4730
2
4830
LVNF
2599
4831
UOZP
1389
8768
464
Store 464
34.8030 -137.6464
564
LWPC
5429
2
4840
FFUJ
1324
4841
BGSC
2212
9015
465
Store 465
37.7255 -61.5967
565
ZCQS
3984
3
4850
VKFL
1297
4851
QWFD
2980
4852
ZTJR
2529
10840
466
Store 466
-35.8357 -129.0768
566
GBKY
2593
3
4860
LTRX
2762
4861
DWBV
2691
4862
PSQS
2514
10610
467
Store 467
-49.1076 -67.9910
567
TRHT
6960
1
4870
SXYR
1004
8014
468
Store 468
26.2389 -144.6669
568
QQJJ
6981
1
4880
GGPL
1796
8827
469
Store 469
-83.3970 -142.0301
569
VPBO
3024
2
4890
SKMZ
1244
4891
DBLR
1118
5436
470
Store 470
-14.7908 33.0204
570
IEXX
6439
2
4900
WPXL
2702
4901
YATB
1996
11187
471
Store 471
60.8634 -29.9222
571
ASTC
6719
2
4910
TEJV
2950
4911
SHOA
2101
11820
472
Store 472
29.2602 38.2940
572
LYYF
3443
3
4920
TOIF
2143
4921
SEWG
2335
4922
ZNSK
1773
9744
473
Store 473
32.3750 -89.7336
573
SFNR
3734
2
4930
PDKJ
2006
4931
EKLY
1658
7448
474
Store 474
68.6309 -21.8470
574
EOSG
2514
1
4940
YUCH
2428
4992
475
Store 475
51.8378 3.6750
575
CFMB
2513
3
4950
QOII
1040
4951
CCIY
2315
4952
PBFC
2762
8680
476
Store 476
-43.9055 172.1226
576
IUCA
5043
1
4960
SSLD
1948
7041
477
Store 477
62.7750 124.2866
577
LMQS
6220
1
4970
SGLF
2393
8663
478
Store 478
4.0184 11.6184
578
GPLP
4394
3
4980
QRNU
2081
4981
AGHZ
2884
4982
YAYD
1987
11396
479
Store 479
-56.6115 43.4138
579
ZSXD
3397
2
4990
QEYK
2378
4991
PLES
2174
7999
480
Store 480
82.3258 78.6151
580
PAYN
3613
3
5000
TOVQ
2928
5001
SYAH
1511
5002
KVCD
1053
9155
481
Store 481
-33.9790 36.9646
581
LWBM
3532
1
5010
BIXN
1891
5473
482
Store 482
82.8312 143.7330
582
SHOP
5610
2
5020
IKSH
1091
5021
IIIX
1457
8208
483
Store 483
-74.1627 40.0189
583
IAYI
2315
3
5030
VHXT
1819
5031
XWPG
2546
5032
CSMH
2921
9651
484
Store 484
-87.0116 -166.7611
584
TVMZ
2260
1
5040
LDCU
1920
4230
485
Store 485
52.6453 4.5979
585
YTNG
6187
3
5050
GHWM
2078
5051
MAQI
1503
5052
HTKB
2409
12227
486
Store 486
86.3579 27.5600
586
TSBP
4467
3
5060
ZNIR
2405
5061
HWAR
1066
5062
OPUB
1463
9451
487
Store 487
-25.8489 -74.7478
587
JPIM
5851
3
5070
MEOQ
1125
5071
XSOP
1126
5072
HGYB
2077
10229
488
Store 488
2.0957 179.7803
588
XKGR
4441
2
5080
DAJF
2301
5081
DLVR
2314
9106
489
Store 489
29.5734 -28.3291
589
KRDN
3770
2
5090
JNMA
1377
5091
WJNB
2030
7227
490
Store 490
-79.4967 88.0526
590
ODOG
5544
2
5100
HFOT
2751
5101
QQPB
2537
10882
491
Store 491
-11.3300 -33.6357
591
WFCR
3014
2
5110
EXAK
2770
5111
NUNX
1358
7192
492
Store 492
-86.9457 -146.5346
592
HHJN
4740
2
5120
FQCZ
2152
5121
RSEU
1596
8538
493
Store 493
-26.3048 -37.9534
593
MODN
4418
1
5130
JKUY
2034
6502
494
Store 494
56.7928 -57.9382
594
GNZX
3029
3
5140
EYOM
2216
5141
FKZW
2871
5142
LRKX
2492
10658
495
Store 495
20.0204 -75.4729
595
VPCJ
2458
2
5150
QGOE
1757
5151
BSNI
2912
7177
496
Store 496
20.1962 -2.4006
596
FDQG
6946
3
5160
SGWG
2741
5161
IDOI
2534
5162
ORUA
1872
14143
497
Store 497
-68.1805 -36.3054
597
WSQQ
6946
3
5170
UDPO
1487
5171
TBSM
1783
5172
LTPR
1621
11887
498
Store 498
72.0808 10.6296
598
VUEX
2950
1
5180
MTKU
1777
4777
499
Store 499
24.8875 -124.2756
599
OOLL
3024
2
5190
AGSZ
1035
5191
DSUK
2776
6885
500
Store 500
64.7966 -117.6617
600
IEUB
4531
1
5200
LMSJ
2416
6997
501
Store 501
-84.7099 109.7073
601
ZZZP
2320
3
5210
EIGZ
2947
5211
AABE
1718
5212
KYRV
1675
8710
502
Store 502
-58.9132 -131.4170
602
WOER
3163
3
5220
IBMP
1944
5221
XFCD
1496
5222
UXGX
2372
9025
503
Store 503
16.8123 114.9919
603
WXTB
6223
2
5230
AGUV
2160
5231
IHRH
1974
10407
504
Store 504
-77.7828 12.9038
604
CLRK
5435
3
5240
NVQK
2800
5241
OINV
1236
5242
TEVT
2391
11912
505
Store 505
-85.0999 -140.9095
605
MNYL
6317
1
5250
FGNS
1176
7543
506
Store 506
-81.1173 -169.4089
606
XXAC
3273
3
5260
GKYF
1326
5261
CKES
1641
5262
UCYE
1133
7423
507
Store 507
36.1214 119.8920
607
PSMM
6367
3
5270
EYTS
1483
5271
WRXD
2096
5272
AXNM
1583
11579
508
Store 508
-78.8760 -88.8986
608
XGCP
4125
3
5280
IQLG
1421
5281
MSHU
1038
5282
YLCL
2418
9052
509
Store 509
-23.5417 34.4597
609
FMXT
4715
1
5290
KRPF
1866
6631
510
Store 510
7.2594 -141.1621
610
ZOSN
3943
2
5300
YHMP
2857
5301
WSNI
2125
8975
511
Store 511
27.2662 -107.8726
611
IREY
2685
1
5310
KDAT
2742
5477
512
Store 512
-83.4684 143.2386
612
SHGP
4787
1
5320
IXDZ
2385
7222
513
Store 513
57.2927 136.2841
613
JLUY
5876
3
5330
MUJZ
2611
5331
OJNZ
2278
5332
JMMU
2961
13776
514
Store 514
-48.7286 -1.9391
614
AWNP
2293
3
5340
HAMG
1779
5341
SOLP
2365
5342
CSPT
2840
9327
515
Store 515
83.0454 -14.5299
615
SKFG
4958
3
5350
EKAS
1142
5351
POPJ
2420
5352
ZZGU
1056
9626
516
Store 516
-31.4795 90.6784
616
TPJU
4619
3
5360
XWXN
2631
5361
DTJD
2267
5362
XPMQ
2221
11788
517
Store 517
-63.5771 -39.4476
617
XHKZ
2083
3
5370
OJLX
1285
5371
IIVR
2623
5372
LEWL
2450
8491
518
Store 518
-43.2627 73.4294
618
NKXG
6460
3
5380
GEEO
2276
5381
ICOA
2459
5382
HESZ
1013
12258
519
Store 519
-57.1389 75.4399
619
ILXF
3813
1
5390
HSYQ
1700
5563
520
Store 520
-60.7590 108.4109
620
GEQC
2103
2
5400
OFZS
1687
5401
IITC
2925
6765
521
Store 521
15.9389 -177.5829
621
XXCI
6512
1
5410
BZBW
1022
7584
522
Store 522
-31.4795 -19.8035
622
ISCY
4281
1
5420
YUIE
1296
5627
523
Store 523
-86.2151 119.4635
623
PDDX
4634
1
5430
SSQQ
2657
7341
524
Store 524
57.5399 -168.4970
624
NSAG
5946
3
5440
LVWV
1414
5441
FCYL
2002
5442
DBJP
1543
10955
525
Store 525
-18.2461 122.3200
625
IDHI
4517
1
5450
QBAC
1775
6342
526
Store 526
-60.5008 -156.5215
626
ZDUW
5459
1
5460
DQQN
1671
7180
527
Store 527
-40.4886 -99.5776
627
MWTU
2340
3
5470
MPHH
2603
5471
CSPO
2584
5472
ZMVJ
2874
10451
528
Store 528
-57.2652 113.8163
628
JBVN
5230
1
5480
UBKH
2720
8000
529
Store 529
59.0231 28.3181
629
OJSC
3639
2
5490
NHVE
2030
5491
AHOY
1215
6934
530
Store 530
-62.2147 52.7195
630
MFHH
6023
2
5500
DWXY
2404
5501
HTWD
1287
9764
531
Store 531
-69.1583 -44.1060
631
KMMU
4047
2
5510
YHHC
2410
5511
CIED
1321
7828
532
Store 532
28.8867 118.1561
632
NXKH
3607
3
5520
BFTS
1903
5521
YFHV
1304
5522
MSRR
2272
9136
533
Store 533
49.0252 -9.2233
633
CHZI
4501
2
5530
RNFF
1377
5531
GXID
1219
7147
534
Store 534
-87.3302 -22.0118
634
OCCZ
6170
2
5540
ARAN
2313
5541
ZGFM
2042
10575
535
Store 535
-12.1485 -134.4823
635
ORSM
2154
3
5550
RSOU
2781
5551
JFGJ
1263
5552
XWNR
2632
8880
536
Store 536
71.0590 -175.0890
636
YRTF
5994
3
5560
CQNO
1517
5561
HDOE
2410
5562
RIZO
1828
11799
537
Store 537
11.5058 -102.1924
637
QLPD
6004
3
5570
ZVQJ
1526
5571
SWDL
1045
5572
YTZF
1913
10538
538
Store 538
3.2713 -96.0729
638
OHXS
2456
1
5580
IQGK
2308
4814
539
Store 539
-13.3570 104.5766
639
BDIR
3171
2
5590
UJJN
1108
5591
FHUB
1117
5446
540
Store 540
-70.4932 112.5199
640
LFFQ
2124
2
5600
DFAE
2968
5601
JEIJ
1589
6731
541
Store 541
-81.9852 -99.3469
641
RWQO
4649
3
5610
OFJO
1067
5611
SPCE
1780
5612
XRQO
2079
9625
542
Store 542
-30.7874 93.7657
642
REBR
6319
1
5620
KSOM
1128
7497
543
Store 543
-3.4690 -169.5407
643
OMBN
5694
3
5630
IAFZ
2172
5631
REPO
1632
5632
YAEB
1771
11319
544
Store 544
-39.6701 -101.2037
644
DWXX
3788
2
5640
NYPH
1079
5641
XRCO
2234
7151
545
Store 545
-36.4785 7.6852
645
QHAH
2399
2
5650
PUEV
1931
5651
TUBZ
1631
6011
546
Store 546
-1.4475 -16.4306
646
OQJE
3143
1
5660
WQUJ
2125
5318
547
Store 547
-81.8149 102.6868
647
SZBG
3546
1
5670
ELIJ
2102
5698
548
Store 548
46.9872 -143.7440
648
UZDO
2206
3
5680
EVGQ
2007
5681
PRUS
2168
5682
MEHP
2039
8470
549
Store 549
-23.9152 -37.3162
649
QYKD
2874
1
5690
ZFFD
2500
5424
550
Store 550
65.9557 -88.0526
650
YEUN
3127
1
5700
HYZO
2759
5936
551
Store 551
-0.2005 45.4134
651
SFJV
2110
2
5710
GVOK
2016
5711
WVUN
2700
6876
552
Store 552
-10.5060 -28.5598
652
XGGH
6616
2
5720
PIML
2364
5721
ANVK
2962
11992
553
Store 553
-73.4925 3.0598
653
WNRI
4687
3
5730
LFOG
1994
5731
QCHO
2677
5732
HVJT
1839
11247
554
Store 554
-32.1992 156.2358
654
JXWE
6043
3
5740
SBIC
1314
5741
KUFX
1394
5742
VQCY
1393
10194
555
Store 555
47.6519 44.1060
655
BVZJ
4120
3
5750
NXQU
1602
5751
LGFO
1110
5752
HFOK
2112
8994
556
Store 556
-1.3981 -22.4403
656
XZJJ
2086
1
5760
HBBV
2245
4381
557
Store 557
-21.5860 86.5255
657
INMU
6391
3
5770
VJWD
1890
5771
EANQ
1923
5772
EMUY
1918
12172
558
Store 558
84.6055 48.6654
658
USLU
3876
1
5780
KAZM
1391
5317
559
Store 559
69.7681 31.4823
659
DCWS
6325
3
5790
VXEE
1668
5791
AUIX
1322
5792
QRSJ
1361
10726
560
Store 560
2.6945 -52.9612
660
UGSH
5064
3
5800
VDIL
2548
5801
UPXQ
1707
5802
PEWR
1927
11296
561
Store 561
69.7845 -75.4839
661
VNDW
2018
1
5810
QILP
1982
4050
562
Store 562
73.0750 91.7551
662
SKHK
5585
2
5820
IOQO
1914
5821
EOLY
1574
9123
563
Store 563
37.0827 178.6157
663
ESGW
3827
2
5830
CYEM
2085
5831
SEFR
2290
8252
564
Store 564
-61.2369 -128.6703
664
FYOU
2057
1
5840
FOTM
1815
3922
565
Store 565
3.6009 36.8108
665
KMJA
4077
2
5850
CGMX
1338
5851
RETX
2880
8345
566
Store 566
-12.7198 -129.6701
666
XTMN
3901
3
5860
WKTS
2884
5861
SJXR
2219
5862
LGMW
1611
10665
567
Store 567
71.8885 -117.6727
667
ZFBU
3700
2
5870
IAVW
1055
5871
QYTM
1304
6109
568
Store 568
63.7584 -0.9943
668
OKTQ
3137
2
5880
MEGR
2704
5881
JLMD
2245
8136
569
Store 569
-11.7750 -43.9302
669
VXUP
6792
2
5890
FBFU
2419
5891
IDWB
1713
10974
570
Store 570
-11.0718 -136.9323
670
JADT
3741
2
5900
VZLB
1024
5901
XWOD
2860
7675
571
Store 571
37.8573 -98.8305
671
VSHV
5308
2
5910
MVRN
1015
5911
RUJZ
1450
7823
572
Store 572
-15.1643 22.1326
672
DMHR
2684
1
5920
MUXQ
2567
5301
573
Store 573
15.2907 -92.0408
673
SSLO
2025
3
5930
ZLGT
2415
5931
VTOZ
2099
5932
CNJQ
1044
7633
574
Store 574
-53.5243 -159.3561
674
SQYU
4798
3
5940
RBGI
2858
5941
ODMU
1689
5942
PQPY
1471
10866
575
Store 575
-77.9476 -171.7930
675
KKGH
6106
1
5950
XFUC
1507
7663
576
Store 576
-12.3627 107.1035
676
XCUV
3826
2
5960
URQJ
2279
5961
WOKZ
1393
7548
577
Store 577
36.1653 123.3528
677
KMMF
2716
3
5970
QPPO
1547
5971
YZMR
2542
5972
RHLG
2110
8965
578
Store 578
-49.7449 -138.8549
678
FLLL
6760
2
5980
KTXH
2004
5981
SDML
2087
10901
579
Store 579
-33.7098 163.3442
679
EZHW
6112
1
5990
NGQV
2100
8262
580
Store 580
-43.0595 170.3867
680
EOMG
2376
3
6000
IRWZ
1854
6001
SISC
1188
6002
IOFA
1854
7322
581
Store 581
26.1290 -146.7214
681
AAZE
3988
2
6010
OZHU
2193
6011
AODK
2653
8884
582
Store 582
59.8361 27.4831
682
SGIW
3765
2
6020
XSJC
1027
6021
KGZY
2206
7048
583
Store 583
18.2131 11.2009
683
PCIZ
6732
1
6030
FLAP
2672
9454
584
Store 584
29.8865 -80.7135
684
ASYE
4549
1
6040
ODEZ
1312
5911
585
Store 585
83.9024 -110.8719
685
VPWI
3542
2
6050
XQRO
1338
6051
HRBK
2570
7500
586
Store 586
60.0009 118.4088
686
VPEA
4756
1
6060
MXCQ
2610
7416
587
Store 587
62.0005 88.0526
687
YKBX
2934
3
6070
GEMI
1574
6071
PRXA
1774
6072
KNUO
2218
8550
588
Store 588
43.3232 -5.9383
688
GWOS
5006
1
6080
TXOK
2264
7320
589
Store 589
83.3970 3.6201
689
FHFO
5128
2
6090
WVGH
1512
6091
VYYK
1833
8523
590
Store 590
34.0175 -114.4865
690
CSHY
5392
1
6100
YUZW
1775
7217
591
Store 591
15.6752 104.7194
691
JPMC
6571
1
6110
IRHE
1925
8546
592
Store 592
42.8782 17.2985
692
ABLN
6758
1
6120
TNBW
1092
7900
593
Store 593
-21.3608 29.3509
693
MBSW
6011
2
6130
ASJN
1537
6131
CTHS
1137
8735
594
Store 594
69.7516 101.2476
694
LCJP
4532
2
6140
KUEI
2313
6141
TVFR
1125
8020
595
Store 595
-49.6954 -147.5564
695
YMAV
2608
3
6150
NLCF
1584
6151
CCIJ
1569
6152
MNYY
2622
8433
596
Store 596
54.6065 117.8155
696
QCNJ
6424
3
6160
KREC
2995
6161
VCZH
2681
6162
SLCG
1173
13323
597
Store 597
78.7442 -105.4884
697
EVLO
3999
2
6170
IJFR
1804
6171
HNPI
2331
8184
598
Store 598
-46.8389 -144.0626
698
QNQG
4065
1
6180
TELU
1498
5613
599
Store 599
-76.8600 114.5085
699
CEPI
3918
1
6190
JUXU
1907
5875
600
Store 600
-46.2841 160.8942
700
TXXG
4759
3
6200
TJCB
2697
6201
CNVP
2093
6202
GRIZ
2377
11976
601
Store 601
57.8310 -46.8416
701
RXHW
2496
3
6210
DWWH
2510
6211
EOBB
2902
6212
TLTM
2257
10215
602
Store 602
71.8610 85.0972
702
KWYF
3378
3
6220
XDEM
1044
6221
UUTL
1972
6222
HTNO
1481
7925
603
Store 603
-33.3418 -50.4233
703
SJRY
2933
2
6230
UFJV
2446
6231
IXVB
2412
7841
604
Store 604
-85.1109 47.9073
704
OMFN
5332
1
6240
IHCZ
2264
7646
605
Store 605
22.6518 141.5357
705
NFXB
5899
1
6250
KOVB
1803
7752
606
Store 606
-41.0874 84.3611
706
XIWE
6954
2
6260
OGWT
2436
6261
LVNI
2335
11775
607
Store 607
-43.7901 2.9939
707
BIWX
2294
3
6270
GPSG
1341
6271
NCQH
1745
6272
MGYR
2989
8419
608
Store 608
-85.9020 -156.9939
708
YYHS
6387
1
6280
XWPE
1642
8079
609
Store 609
35.5281 6.7513
709
PLGP
2860
2
6290
AOBV
1491
6291
MWCW
1261
5662
610
Store 610
11.1817 84.9544
710
DEFC
2497
3
6300
YLQL
1861
6301
VTNT
2834
6302
LSPV
1448
8690
611
Store 611
70.7184 -127.4398
711
DOMA
2319
2
6310
RUCP
1406
6311
PTGF
2486
6261
612
Store 612
47.3443 -52.7854
712
FQJF
6264
2
6320
ZKDG
1900
6321
HGHP
1048
9262
613
Store 613
-34.2592 -111.1686
713
YHIL
2721
3
6330
WMAM
1189
6331
QQYW
2584
6332
WPOC
2480
9024
614
Store 614
-17.4166 -55.5541
714
LZIY
6377
2
6340
RGSR
2599
6341
RVTL
2015
11041
615
Store 615
75.5580 -150.1492
715
JLAV
6963
1
6350
CANX
1160
8173
616
Store 616
-23.0857 -169.3649
716
XQYY
4166
3
6360
UMQP
1272
6361
EQTR
2986
6362
ZPHZ
2379
10853
617
Store 617
41.4774 -39.2938
717
YJJD
2414
3
6370
XDKK
2300
6371
LTRL
2737
6372
RWJG
1087
8588
618
Store 618
-12.1979 -169.4418
718
NSXD
5105
3
6380
GIQZ
1600
6381
MNYT
1115
6382
OJYC
1919
9789
619
Store 619
32.0783 -94.7655
719
BCVJ
2055
2
6390
ADZY
2577
6391
KLZW
2999
7681
620
Store 620
-55.9413 -118.7933
720
DRLC
3925
2
6400
FENC
2290
6401
EKOG
2528
8793
621
Store 621
-8.1439 -158.5980
721
ZEPC
4603
2
6410
MZWS
2223
6411
XUBN
1525
8401
622
Store 622
-5.0182 -164.5418
722
UHCJ
5041
3
6420
RDVA
1444
6421
RKCP
1849
6422
NDJH
2727
11111
623
Store 623
38.3297 -172.8257
723
GTDN
3710
3
6430
ZQKJ
1319
6431
WTJI
1778
6432
UUGY
2552
9409
624
Store 624
-50.6897 83.8887
724
ATPB
5505
2
6440
BZWX
1069
6441
MCRP
2852
9476
625
Store 625
34.9733 -145.1064
725
OCOI
6576
2
6450
QYFN
2867
6451
ZHAH
2836
12329
626
Store 626
-55.2217 -75.8135
726
PSQY
6670
1
6460
AXCO
1793
8513
627
Store 627
-13.3625 115.4314
727
OAYH
4820
3
6470
WZKR
2450
6471
QEVC
2601
6472
OPUT
2079
12000
628
Store 628
74.5692 -4.1694
728
VGNR
4697
2
6480
VZVZ
2595
6481
MVEH
1238
8580
629
Store 629
-67.3949 -32.6688
729
SCYN
3956
1
6490
VJBF
1955
5961
630
Store 630
80.9635 75.3301
730
CEKL
2199
1
6500
OQKU
2516
4765
631
Store 631
-83.2542 20.2210
731
RMUI
4830
1
6510
HUDE
1390
6270
632
Store 632
-8.0010 144.2933
732
NBJE
5381
2
6520
NGFI
1523
6521
RFZD
1561
8515
633
Store 633
32.6167 -79.8785
733
VGFN
5054
2
6530
ZXJP
2641
6531
LSBS
1438
9183
634
Store 634
51.4917 -143.1837
734
NAOX
2059
2
6540
QQYM
1839
6541
DBIC
2260
6208
635
Store 635
89.9341 -178.6706
735
WTJL
3308
2
6550
ECMI
1729
6551
NZNY
2102
7189
636
Store 636
-60.6436 -88.2614
736
CRFJ
3032
1
6560
HLBE
1144
4226
637
Store 637
-22.1299 -133.5813
737
MDWH
4231
3
6570
CTMY
2359
6571
GYCW
2677
6572
HAVB
1142
10459
638
Store 638
-24.1295 -121.1005
738
NDUT
4617
1
6580
WQXY
2987
7654
639
Store 639
76.9424 64.6181
739
ZZVD
2653
2
6590
KUDY
1296
6591
TILB
1964
5963
640
Store 640
66.9774 -160.3009
740
QIWB
6641
3
6600
ZOCE
1998
6601
LKUX
1482
6602
CKPP
2198
12369
641
Store 641
-27.3211 118.4527
741
XYKZ
5455
1
6610
VRMI
2700
8205
642
Store 642
2.3319 -130.5271
742
GCRH
4538
3
6620
AMKS
1420
6621
VPWZ
1269
6622
YQEF
2553
9830
643
Store 643
31.0236 124.3086
743
PHID
2117
3
6630
FINV
1273
6631
OPQS
2978
6632
PWHD
1150
7568
644
Store 644
69.6912 103.8844
744
DGOI
6594
2
6640
KEJX
1508
6641
FKVH
1329
9481
645
Store 645
80.9415 -179.7583
745
DBPL
4804
1
6650
LPDQ
2343
7197
646
Store 646
47.8497 -133.2957
746
HNPB
3415
2
6660
BJCZ
2354
6661
BSBI
1959
7778
647
Store 647
-32.3310 112.1903
747
QYPT
6053
3
6670
RFAE
1011
6671
UIAU
1398
6672
LGOP
1573
10085
648
Store 648
49.3658 33.4159
748
TQUL
3896
2
6680
IAFU
1247
6681
XFSI
1709
6902
649
Store 649
87.7642 132.2959
749
KVDU
5009
2
6690
QVJR
1988
6691
RTOB
2667
9714
650
Store 650
-48.7231 148.2705
750
ZQZU
2052
2
6700
HCOX
2022
6701
IJUB
1124
5248
651
Store 651
87.9620 52.7525
751
KMHK
4283
2
6710
BLSC
1355
6711
JFOZ
2249
7937
652
Store 652
-49.1845 -102.5220
752
NMOP
6827
3
6720
GYEV
1085
6721
HNVL
1086
6722
SSLC
1468
10516
653
Store 653
-42.9441 -141.3819
753
EFBA
2710
1
6730
RXZQ
1534
4294
654
Store 654
-13.3076 25.8461
754
JEMT
5256
3
6740
KYNF
2249
6741
ITSN
2276
6742
DNMB
2330
12161
655
Store 655
-85.6108 -20.6494
755
LBRO
2433
1
6750
QEPU
1541
4024
656
Store 656
-38.6923 -87.4483
756
LHUJ
3164
2
6760
LCJT
2235
6761
ZMHP
2035
7484
657
Store 657
38.4231 -89.5468
757
BVLJ
2918
1
6770
DJKS
1342
4310
658
Store 658
81.1832 -47.0614
758
ONQF
5772
3
6780
KQMI
1170
6781
CJXR
2244
6782
NNKM
1134
10370
659
Store 659
1.3102 -40.6452
759
ODWD
4238
2
6790
JBGB
2275
6791
RLRR
2073
8636
660
Store 660
-73.6518 50.8298
760
KANM
2256
2
6800
CZOI
1304
6801
ICUI
2178
5788
661
Store 661
-83.0454 176.2206
761
CSGL
4750
1
6810
RQUP
1912
6712
662
Store 662
-55.7711 -93.3921
762
AMOT
4650
2
6820
RQLH
1860
6821
ZLFM
1265
7825
663
Store 663
38.0496 -171.2986
763
FMRW
3559
1
6830
JYBU
1731
5340
664
Store 664
-8.3911 -129.7360
764
YEAT
5304
2
6840
MGXN
2677
6841
ZXCX
2650
10681
665
Store 665
-54.9745 96.9079
765
NOTP
6129
3
6850
CKMD
2224
6851
XDXW
1906
6852
IPCA
1722
12031
666
Store 666
60.6601 86.2838
766
ZKZM
4365
1
6860
ZVWP
2594
7009
667
Store 667
-49.2560 163.2234
767
TVFX
2369
3
6870
JEXO
2265
6871
HZRP
2773
6872
WQUB
2554
10011
668
Store 668
-27.7001 -102.5220
768
XMAX
4655
1
6880
VQAY
1127
5832
669
Store 669
54.8207 7.5204
769
OPWC
2254
1
6890
EJOL
1947
4251
670
Store 670
-2.5791 -28.1533
770
ZZDE
3339
3
6900
VQPQ
2555
6901
MROJ
1327
6902
ILXL
1545
8816
671
Store 671
58.4573 125.2644
771
NAQG
3263
2
6910
UXVU
2605
6911
JIOB
2103
8021
672
Store 672
58.8638 69.5401
772
TIXX
4188
1
6920
SDPL
2964
7202
673
Store 673
77.3214 -131.7466
773
PHAR
3496
3
6930
MYWX
1254
6931
LJNA
1976
6932
LVQL
1570
8346
674
Store 674
11.6102 -108.2461
774
DSTC
4120
3
6940
YEEC
1959
6941
RMJN
2650
6942
FGBC
1381
10160
675
Store 675
-44.5811 -83.5701
775
YCSZ
3765
2
6950
BMLN
1248
6951
XTER
2737
7800
676
Store 676
-75.2889 151.2479
776
CICI
6847
1
6960
VBYV
1026
7923
677
Store 677
80.3207 -67.1450
777
MTBF
5123
2
6970
XFVD
1450
6971
LUFC
1085
7708
678
Store 678
21.2784 -69.1885
778
FETR
6103
3
6980
CXEY
1972
6981
LVBV
1884
6982
VKZO
1459
11468
679
Store 679
-40.1645 -57.5756
779
EUOD
2757
3
6990
WBMJ
1130
6991
ZVQH
1044
6992
DGLS
2443
7424
680
Store 680
-69.3616 -85.1521
780
WMMG
4036
1
7000
OFFH
2837
6923
681
Store 681
87.1764 -36.3933
781
CLMX
3756
1
7010
LZUO
1460
5266
682
Store 682
24.1734 82.0649
782
TPDL
6461
3
7020
AWJJ
2833
7021
BKER
2823
7022
RGPV
2171
14338
683
Store 683
-62.7970 -153.2804
783
TIQE
3549
1
7030
RIMK
1268
4867
684
Store 684
23.1791 -17.2765
784
JGTT
2051
2
7040
SWUL
2661
7041
RYDP
1442
6204
685
Store 685
-6.6002 58.3117
785
YYNB
5970
1
7050
BSKI
1118
7138
686
Store 686
-18.0813 122.4958
786
BNVH
2183
2
7060
MXOD
2248
7061
SFYI
2617
7098
687
Store 687
-64.2473 3.9827
787
JDQN
2550
1
7070
INVB
2610
5210
688
Store 688
20.0589 52.2910
788
YFFO
4201
3
7080
BYJO
2130
7081
ZFVN
2617
7082
ZAUT
1482
10480
689
Store 689
3.7272 -93.4690
789
YUOU
3484
2
7090
FKZO
1330
7091
AXXI
2921
7785
690
Store 690
80.7053 61.4429
790
GUMM
2812
2
7100
EWLQ
2359
7101
LWGA
1149
6370
691
Store 691
3.2603 83.7349
791
LLOU
6670
2
7110
WLOF
1109
7111
WWGD
1749
9578
692
Store 692
18.5098 -36.7669
792
UEGN
2240
1
7120
ZBOV
1792
4082
693
Store 693
13.5054 158.0596
793
FYCI
5735
3
7130
NFDZ
2821
7131
RPPL
2010
7132
TKIC
2798
13414
694
Store 694
-0.7334 119.1998
794
YELY
6315
3
7140
BCZY
2623
7141
XBAS
1631
7142
EWUS
1601
12220
695
Store 695
16.1312 24.4728
795
GYNG
6921
2
7150
QWOK
2763
7151
BUVK
2863
12597
696
Store 696
34.2097 93.2713
796
UPXM
4057
2
7160
FRAR
1283
7161
EORI
2092
7482
697
Store 697
-60.8634 -118.9471
797
RWBZ
4225
3
7170
HRIX
2836
7171
QGGM
2192
7172
WNVI
1893
11196
698
Store 698
34.1548 60.0806
798
WMQK
6231
1
7180
FWRF
2596
8877
699
Store 699
-30.9796 -91.2827
799
AIGN
4404
2
7190
GGLD
1497
7191
WKMH
1722
7673
700
Store 700
19.1086 115.4863
800
XJJE
4544
1
7200
VAIU
2263
6857
701
Store 701
75.8162 131.9443
801
OHVD
2763
3
7210
RWNE
1358
7211
JPSQ
2981
7212
UXFE
1309
8461
702
Store 702
19.3612 -37.8765
802
DHWJ
3389
1
7220
JKST
2471
5910
703
Store 703
-6.0015 129.3295
803
KPVN
4865
2
7230
FZRH
1068
7231
ODMQ
2707
8690
704
Store 704
-30.4413 14.8375
804
LSZE
3779
1
7240
JHHC
1716
5545
705
Store 705
18.8778 -137.7563
805
BQDG
3506
1
7250
DSYA
2741
6297
706
Store 706
48.3715 66.8374
806
SJGE
5663
1
7260
JPSC
2674
8387
707
Store 707
48.4155 137.7892
807
YZKK
3812
2
7270
DXQJ
1622
7271
NNGO
2780
8264
708
Store 708
88.0389 47.8854
808
YHTI
5475
3
7280
KJBI
1679
7281
GCXI
1228
7282
FTGP
2507
10939
709
Store 709
29.6503 150.5997
809
MPMR
3545
2
7290
SNDX
1507
7291
GMCM
1460
6562
710
Store 710
-31.9025 167.6070
810
QFUG
2702
3
7300
HJQI
2967
7301
VAEG
1235
7302
AVVY
1674
8628
711
Store 711
34.4899 153.8408
811
PGOZ
5575
2
7310
OUJE
2028
7311
PGMC
1953
9606
712
Store 712
48.9483 -45.1827
812
WVFE
4640
2
7320
SKDJ
2933
7321
ABRH
1044
8667
713
Store 713
-2.0023 128.2858
813
GIXC
3309
1
7330
HBCU
1478
4837
714
Store 714
-30.0128 7.8500
814
EBTZ
6855
3
7340
KMWY
1375
7341
WRUL
2480
7342
ZMSX
2187
12947
715
Store 715
-79.6670 -165.5416
815
GXXA
5033
3
7350
VONT
1189
7351
KYWD
2804
7352
VAPG
1695
10771
716
Store 716
13.6702 -163.8716
816
IRPY
2588
1
7360
DYHV
1827
4465
717
Store 717
-52.0246 26.4284
817
GILG
6905
1
7370
VNND
1713
8668
718
Store 718
63.6869 65.4311
818
YKRN
5990
3
7380
IGAP
2541
7381
OBJL
1163
7382
ZFIH
1798
11542
719
Store 719
19.2679 -114.0580
819
AVXV
2415
2
7390
LWYY
1617
7391
ZMYR
2057
6139
720
Store 720
2.4912 -148.1606
820
HMAH
4356
3
7400
ECRO
1577
7401
XVLE
1170
7402
XTMA
2164
9317
721
Store 721
10.5445 0.4889
821
BAFJ
5124
1
7410
YJUG
1699
6873
722
Store 722
-52.2663 -25.5385
822
KWDG
3125
3
7420
WBLO
2135
7421
CUMN
1011
7422
WNST
1459
7780
723
Store 723
-60.9458 -101.9178
823
UGBN
6360
1
7430
RDXR
2244
8654
724
Store 724
63.6869 -179.8901
824
FBHF
3273
2
7440
WDQP
1498
7441
ADEZ
1358
6179
725
Store 725
66.5270 71.0013
825
HBOZ
4161
1
7450
MTIH
1677
5888
726
Store 726
-17.2903 -16.4306
826
QTVH
2612
3
7460
GCPH
1967
7461
BSKT
2396
7462
SZOH
1663
8688
727
Store 727
-47.5640 -84.0645
827
IWBW
5091
3
7470
PELY
2457
7471
SSGL
1455
7472
IEYR
2134
11187
728
Store 728
-60.3415 96.5233
828
BDBS
4677
3
7480
PUJR
2004
7481
FFLT
2933
7482
BUAC
2168
11832
729
Store 729
6.7321 3.3674
829
WAYG
2817
1
7490
KEWJ
2468
5335
730
Store 730
31.3092 -159.7076
830
GVYP
6865
2
7500
SZRP
2170
7501
WHSU
1935
11020
731
Store 731
-10.0775 122.0783
831
BHCG
3679
2
7510
WLPS
2936
7511
MYEA
1497
8162
732
Store 732
-4.5622 -26.4504
832
DACX
3593
2
7520
CGZM
2966
7521
YGMM
2862
9471
733
Store 733
31.2873 -47.1603
833
TUPT
5335
2
7530
CCAE
2590
7531
VNWW
1364
9339
734
Store 734
-81.6391 118.4527
834
OTYX
2908
1
7540
MHPB
2728
5686
735
Store 735
-88.4838 -30.0980
835
ICQT
4397
1
7550
NOBV
1298
5745
736
Store 736
-20.2292 56.7516
836
OSVC
2184
2
7560
BTRM
1135
7561
IFJJ
1573
4942
737
Store 737
57.0070 136.5477
837
WVTG
4281
1
7570
YZCL
2582
6913
738
Store 738
36.0390 -9.5199
838
XTPN
4413
3
7580
YMDK
2937
7581
RDTG
1995
7582
EYUQ
2225
11620
739
Store 739
-23.2340 -124.0120
839
WSVR
6713
3
7590
HIYH
1728
7591
LOKR
1245
7592
AXKL
1455
11191
740
Store 740
37.6211 96.9079
840
CYTZ
3210
2
7600
NFFD
1076
7601
XUVG
2354
6690
741
Store 741
58.6331 -146.1501
841
YAGN
6263
2
7610
NWDF
2342
7611
QSUM
2107
10762
742
Store 742
-84.3474 -117.2442
842
KQVA
5645
3
7620
LRYT
2208
7621
LJUD
2727
7622
YEWG
1583
12213
743
Store 743
-23.6900 -13.7388
843
SYMO
3469
3
7630
IMNE
2988
7631
CTAE
1903
7632
SVCN
2354
10764
744
Store 744
69.3835 49.8849
844
NGXF
2954
1
7640
WQNY
2162
5166
745
Store 745
7.3858 -118.7164
845
ZOWK
2164
1
7650
JJSG
2195
4409
746
Store 746
-24.7502 -85.6685
846
WUYD
4916
3
7660
QGZT
1654
7661
HEPC
2293
7662
GTKM
1725
10638
747
Store 747
-29.7876 -111.2015
847
BKCC
4343
2
7670
XVMJ
1814
7671
WAGA
2976
9183
748
Store 748
-5.9465 -79.4281
848
ZNRF
3639
1
7680
YYOH
2852
6541
749
Store 749
42.4168 33.2951
849
TQXL
2830
3
7690
KNTE
2341
7691
AXWP
1872
7692
UUVN
1147
8240
750
Store 750
-37.4563 -41.1615
850
CDDE
5942
1
7700
MJTI
1681
7673
751
Store 751
12.5715 -76.0442
851
GCEU
6901
3
7710
GPRH
1089
7711
PDHB
2349
7712
AQFZ
2324
12713
752
Store 752
44.4877 85.8003
852
UZUD
2625
3
7720
FACY
2571
7721
ISIU
1538
7722
VKUU
2459
9243
753
Store 753
7.6220 -146.6884
853
OECN
4072
3
7730
AFGF
1493
7731
VHPK
1050
7732
PGTE
2420
9085
754
Store 754
-66.4281 103.6317
854
WUTU
6267
1
7740
ZJIA
2698
9015
755
Store 755
60.4898 -165.0362
855
TQIK
2595
3
7750
ZIWS
1043
7751
VDSL
2324
7752
BIFQ
2478
8490
756
Store 756
-43.3506 -6.5865
856
TCGY
4217
1
7760
QRNP
1162
5429
757
Store 757
62.7641 74.1874
857
IPUF
2504
2
7770
QNPU
1851
7771
XULY
2909
7314
758
Store 758
-3.3262 -112.1354
858
RVXG
3892
1
7780
ATQA
2681
6623
759
Store 759
-60.6601 -166.8490
859
BTLQ
3548
1
7790
CDSF
2417
6015
760
Store 760
-56.5236 161.2238
860
EPSB
4625
3
7800
TZBV
1558
7801
YGQQ
2235
7802
AITG
2217
10685
761
Store 761
82.9301 -24.3080
861
UYIG
3276
3
7810
NSTN
1149
7811
SPBW
1090
7812
QSVB
1584
7149
762
Store 762
-40.3677 115.7830
862
RVPF
4822
2
7820
PEOO
2188
7821
QRCE
1491
8551
763
Store 763
-61.1380 112.1903
863
ZMMY
3668
1
7830
SEMM
1899
5617
764
Store 764
7.6275 138.5583
864
AGPL
2173
1
7840
DRYI
2452
4675
765
Store 765
46.3610 -61.1792
865
ADFM
6242
2
7850
THYA
2095
7851
SGPB
2505
10892
766
Store 766
22.5419 -109.7952
866
OFIN
4996
3
7860
QTPL
2608
7861
FJSI
1465
7862
SXHV
2645
11764
767
Store 767
47.9321 -99.2261
867
ZKIC
2442
3
7870
DGHL
2917
7871
KGSY
1307
7872
UJVK
1051
7767
768
Store 768
-34.8469 134.6361
868
OHFR
2564
3
7880
ZTKQ
2776
7881
FGDG
1976
7882
CBQL
1924
9290
769
Store 769
-39.5712 -2.2578
869
WZYU
3793
3
7890
YPMD
1231
7891
UPHT
2412
7892
UGIT
1870
9356
770
Store 770
30.0458 -166.2667
870
TXXB
2994
2
7900
RJSD
1937
7901
YMBZ
1366
6347
771
Store 771
16.1531 -21.2317
871
ZJSU
2279
1
7910
WGDH
1649
3978
772
Store 772
-2.3704 -150.2261
872
ZDQW
2825
1
7920
DBHA
1040
3915
773
Store 773
59.5065 149.7208
873
BKMV
4611
2
7930
OLJD
2317
7931
ZEKE
2088
9066
774
Store 774
49.9646 -111.8058
874
VUXJ
6978
1
7940
FDOU
2187
9215
775
Store 775
-0.8982 152.2806
875
LYWG
4901
3
7950
VNFN
1782
7951
BNEA
1616
7952
NFMI
1714
10063
776
Store 776
70.6854 117.0794
876
AWTB
6608
2
7960
XVSN
1761
7961
CETG
1925
10344
777
Store 777
7.7868 44.6004
877
RWKR
4348
3
7970
FUWR
2438
7971
NFYL
2668
7972
LCMY
2942
12446
778
Store 778
70.3449 -154.9834
878
LXFW
2473
3
7980
BJWE
2045
7981
XZXW
2719
7982
XCDB
2748
10035
779
Store 779
18.8559 64.1786
879
HOZF
2752
2
7990
PWFJ
2150
7991
RYSO
1450
6402
780
Store 780
-47.7728 -13.2444
880
UHOW
6813
2
8000
XKRM
2253
8001
LEEG
2366
11482
781
Store 781
74.9538 -137.2289
881
EYLZ
5306
1
8010
IGJP
1971
7327
782
Store 782
56.9192 87.5692
882
MPVR
2880
2
8020
PGFW
2347
8021
EXUD
1337
6614
783
Store 783
-55.3426 -167.8378
883
UXGQ
3274
2
8030
WOHK
1016
8031
PXPV
1697
6037
784
Store 784
-50.9973 118.2989
884
ZZZJ
6502
1
8040
XDKW
1187
7739
785
Store 785
-20.0754 -136.7455
885
ARIE
2004
3
8050
JIYS
1871
8051
BAZS
1627
8052
KWLZ
1263
6815
786
Store 786
-76.0524 57.0373
886
TKJV
6558
3
8060
BIIH
2345
8061
VAJM
1294
8062
MPUR
1830
12077
787
Store 787
-34.9293 170.1450
887
GMDU
3792
3
8070
ESCT
1320
8071
OQHX
1804
8072
RQKP
1751
8717
788
Store 788
34.1823 26.5603
888
ONUJ
3440
2
8080
ZEUP
1334
8081
ZMTK
2540
7364
789
Store 789
1.8705 84.4490
889
QZOM
2614
2
8090
ZPPH
1708
8091
NVZD
1089
5461
790
Store 790
-76.3051 -70.9244
890
JHJH
6782
1
8100
RGKQ
1664
8496
791
Store 791
-8.9898 122.1882
891
UKHY
4233
2
8110
SVOE
1207
8111
KVOY
1426
6916
792
Store 792
58.6880 134.8009
892
BMRR
6679
1
8120
VMAN
2299
9028
793
Store 793
54.5845 32.8446
893
ERLT
5354
2
8130
BJJX
1843
8131
DQJZ
1858
9105
794
Store 794
-78.6782 -116.7058
894
GEUK
4647
3
8140
GBXS
2768
8141
PXDC
1927
8142
LRPZ
2617
12009
795
Store 795
-80.4141 -80.7575
895
UPZU
3848
3
8150
TBVI
1563
8151
QEQG
1695
8152
BUIW
1271
8427
796
Store 796
-51.9971 130.4392
896
HTIA
3993
1
8160
LLYQ
1914
5957
797
Store 797
63.9836 148.9956
897
ZOSH
5238
1
8170
FPHM
2532
7820
798
Store 798
36.7861 0.9394
898
ICOZ
6091
3
8180
FMKI
2079
8181
OVJM
2600
8182
LFRF
2464
13284
799
Store 799
-17.5704 130.5490
899
ZAFV
4677
1
8190
OXIB
2341
7068
800
Store 800
-75.4317 94.1832
900
GPZM
5318
3
8200
KYVD
2933
8201
WYGV
2521
8202
PKLH
1705
12527
801
Store 801
-12.4177 79.2523
901
RLYJ
4931
2
8210
AQXT
1367
8211
DRSC
1290
7638
802
Store 802
88.0718 113.1352
902
FYFR
4611
1
8220
BVET
2274
6935
803
Store 803
-56.1995 68.2437
903
WBZD
3820
1
8230
QSDO
2222
6092
804
Store 804
5.5016 72.1879
904
MHHC
4811
2
8240
XSIG
1720
8241
PXBB
2879
9460
805
Store 805
-66.2194 -87.1627
905
FRMD
2031
3
8250
MPUB
2686
8251
GYVK
2569
8252
TYZH
1048
8384
806
Store 806
-65.9227 134.7789
906
CFZM
6591
2
8260
ZEBR
1489
8261
JSDY
1678
9808
807
Store 807
2.1232 -70.2542
907
TPFQ
6507
1
8270
BSDF
1050
7607
808
Store 808
-23.5197 -16.1998
908
SZIU
4051
2
8280
ZWAS
1106
8281
FNEF
1410
6617
809
Store 809
-30.1117 137.5475
909
CYIJ
5649
2
8290
FLWD
1024
8291
QJPL
1388
8111
810
Store 810
29.5019 179.1650
910
QREN
2796
3
8300
FGIO
1797
8301
KVVE
1873
8302
OPRP
2873
9389
811
Store 811
77.4477 -9.7726
911
PWBP
3911
1
8310
EVKG
2042
6003
812
Store 812
-34.3855 10.6735
912
ERSD
6708
2
8320
CQXC
1594
8321
ZFFT
2698
11050
813
Store 813
-39.0548 132.8343
913
WWYZ
3189
2
8330
GDFU
1566
8331
NVPB
2784
7589
814
Store 814
65.5217 -47.0504
914
RUSH
4785
1
8340
OYCB
1971
6806
815
Store 815
-4.8753 -21.5613
915
WMJV
5344
1
8350
ZKRD
1937
7331
816
Store 816
-80.8042 58.4326
916
RCLH
2830
1
8360
BXPL
2838
5718
817
Store 817
41.6697 -121.0675
917
LMFP
2527
2
8370
QPVD
1268
8371
JTPO
1206
5051
818
Store 818
57.4465 159.8285
918
PXFL
5107
2
8380
DUMA
1977
8381
ENWE
2343
9477
819
Store 819
-81.5952 175.8141
919
GCXZ
2386
1
8390
TEHS
1750
4186
820
Store 820
-22.5309 -61.3660
920
YFZJ
5380
2
8400
QBHL
2370
8401
VIBN
1920
9720
821
Store 821
69.8614 11.2119
921
JBRT
4390
3
8410
WWBW
1625
8411
SNPJ
2703
8412
JFWL
2984
11752
822
Store 822
-55.4854 149.7647
922
ZXWD
5222
1
8420
ZYPA
2598
7870
823
Store 823
52.4586 3.4333
923
FUQN
4292
2
8430
IRIS
2479
8431
XIRI
1223
8044
824
Store 824
-24.6184 -93.9305
924
LGTV
2635
2
8440
UOPE
1277
8441
NSEW
2550
6512
825
Store 825
21.0532 -38.5907
925
TCZF
5191
3
8450
LUGS
1247
8451
BYWV
1690
8452
IBWK
2929
11107
826
Store 826
-20.6522 177.4841
926
BSVJ
5677
2
8460
ZSDF
2484
8461
VVUD
2079
10290
827
Store 827
-82.0237 -103.8624
927
BBYY
6482
1
8470
VSRN
2606
9138
828
Store 828
42.3948 56.4550
928
FQZU
2757
2
8480
RINH
1774
8481
VPFP
1390
5971
829
Store 829
-82.2599 174.1331
929
WDLI
5847
1
8490
OZSM
1805
7702
830
Store 830
-11.0169 13.1455
930
RTTQ
5333
1
8500
GDQA
2143
7526
831
Store 831
4.6941 -160.7843
931
UVTH
3248
3
8510
SVIS
2700
8511
TCOJ
2703
8512
DCWV
1009
9710
832
Store 832
48.0255 80.2411
932
KVRN
5685
3
8520
UPRK
1957
8521
NJNK
2521
8522
HWEZ
1805
12018
833
Store 833
-66.3073 -110.5203
933
BQMG
6942
2
8530
PUIC
1585
8531
MPUR
1929
10506
834
Store 834
-56.7983 167.7499
934
BLUH
2411
1
8540
ZKKM
1014
3475
835
Store 835
-43.5978 132.3838
935
ROOC
2370
3
8550
YNAB
2172
8551
UHUV
1625
8552
YSCM
1652
7869
836
Store 836
-81.1722 -34.0751
936
IULO
6508
2
8560
SKDL
1702
8561
EZUW
1517
9777
837
Store 837
48.8824 95.2599
937
UFEK
5316
3
8570
LITL
1018
8571
OLMG
1832
8572
JKLK
1295
9511
838
Store 838
-52.1784 -34.6794
938
FCNI
2389
1
8580
RPLQ
2998
5437
839
Store 839
-72.5092 -38.4149
939
DKRJ
4485
2
8590
JAXA
1795
8591
SVSM
2928
9258
840
Store 840
61.0611 -153.9726
940
UTFM
5184
1
8600
PZTD
2448
7682
841
Store 841
-46.7180 63.3436
941
KADW
4299
2
8610
BONA
2429
8611
LGSH
1743
8521
842
Store 842
68.2189 105.4665
942
UVJR
4458
2
8620
UESN
2422
8621
SFQJ
2973
9903
843
Store 843
-20.7016 175.9569
943
MHZE
5417
3
8630
ISEI
1134
8631
RQRV
1582
8632
LUGG
2252
10435
844
Store 844
28.1341 -149.8196
944
HUWG
3939
1
8640
UPJE
1529
5518
845
Store 845
-34.1493 94.0953
945
OCJS
2240
2
8650
QSMA
2129
8651
GVOQ
1240
5659
846
Store 846
36.3192 175.8800
946
FJTR
3421
2
8660
UQEZ
2183
8661
KECS
1497
7151
847
Store 847
64.0440 -55.8177
947
KKQN
5049
3
8670
RGPC
2063
8671
RXRY
2574
8672
ZRUP
2673
12409
848
Store 848
-38.5769 -148.3804
948
DZSD
4104
2
8680
PXPR
2501
8681
YLNR
1054
7709
849
Store 849
24.0086 -98.1603
949
JZAE
4531
3
8690
DDMQ
2707
8691
TDUJ
1917
8692
PPXO
2240
11445
850
Store 850
50.5744 94.3919
950
KIHK
2910
2
8700
PHGA
2382
8701
WDBF
1805
7147
851
Store 851
-30.3479 129.8569
951
KIMZ
5638
2
8710
RYLY
1932
8711
EUOH
1390
9010
852
Store 852
15.0819 28.9554
952
QNDH
2388
1
8720
RNCX
2273
4711
853
Store 853
-61.2589 110.2676
953
CKQY
2799
1
8730
NWTV
1104
3953
854
Store 854
-2.2880 -10.1242
954
VDTV
3066
3
8740
PQVL
2713
8741
KTKE
1173
8742
SGFZ
1219
8221
855
Store 855
-14.6040 29.8013
955
OBEX
3276
2
8750
DWPG
2572
8751
QCXY
1869
7767
856
Store 856
35.2919 -154.9724
956
IFZQ
6821
3
8760
FJRU
1127
8761
NIXU
2529
8762
KWYZ
2254
12781
857
Store 857
81.3865 -111.3224
957
DIKF
2341
2
8770
UCIK
2986
8771
CQJM
2995
8372
858
Store 858
-67.3070 -70.4300
958
VQFP
3839
3
8780
GCVT
1541
8781
PURW
1271
8782
DYIF
2899
9600
859
Store 859
58.7814 -119.9469
959
KCYM
6159
1
8790
OAMG
2199
8408
860
Store 860
-54.9800 174.2540
960
BOAM
5166
3
8800
PZBI
1984
8801
PFOS
1182
8802
WIHT
2911
11293
861
Store 861
-9.1546 151.6214
961
BUJB
6184
3
8810
ESXL
2325
8811
GNLL
1222
8812
HSDM
2516
12297
862
Store 862
67.5433 -138.2836
962
KRNI
5656
2
8820
JTVG
2406
8821
EWJB
2803
10915
863
Store 863
67.9717 -89.5688
963
FJQK
6501
2
8830
DFEQ
2150
8831
TPUL
2924
11625
864
Store 864
-9.3799 65.6838
964
IKBC
2271
3
8840
FVHH
2372
8841
XFJN
1626
8842
NDQY
2477
8796
865
Store 865
46.3555 -60.0586
965
IAQM
3147
3
8850
EJXW
2580
8851
BFAC
2170
8852
LVBE
2010
9957
866
Store 866
5.6334 -116.3652
966
BCJY
5720
2
8860
VCGT
2597
8861
DJCH
2432
10799
867
Store 867
22.3386 14.9913
967
HHET
5013
3
8870
WWDO
1583
8871
AYGP
1134
8872
VERG
2331
10111
868
Store 868
-39.8459 166.4974
968
VJVK
5396
1
8880
IHDE
1233
6679
869
Store 869
45.4051 -12.6951
969
HBLQ
5085
3
8890
BMLB
2953
8891
EOCF
2585
8892
UDDH
2223
12896
870
Store 870
-17.5155 116.6509
970
ZTXE
3286
2
8900
KAOQ
1203
8901
TCTY
1478
6017
871
Store 871
-66.0875 -66.2221
971
ARYR
6423
1
8910
OXDR
2291
8764
872
Store 872
-4.3370 -167.4203
972
WFVR
4508
2
8920
PUBV
2044
8921
SICO
1965
8567
873
Store 873
-13.7306 -111.7728
973
USED
6151
1
8930
SCHD
1330
7531
874
Store 874
65.0603 -20.2649
974
IHXO
6231
3
8940
LMFB
2138
8941
QCSJ
1396
8942
RFAO
2887
12702
875
Store 875
74.2286 -21.1219
975
EJNV
6025
1
8950
EETF
2263
8338
876
Store 876
-10.8026 109.8721
976
GUXI
4209
1
8960
FCSB
2337
6596
877
Store 877
74.6571 -44.7652
977
FUPK
2107
3
8970
FAFZ
1484
8971
WHET
2982
8972
ZVMQ
1638
8261
878
Store 878
78.3981 168.7387
978
UFOP
4171
2
8980
QMLM
2507
8981
KOLJ
1252
7980
879
Store 879
-10.6763 -141.3819
979
FHKD
3861
2
8990
ZTEO
1328
8991
FRLI
1178
6417
880
Store 880
47.5530 169.8813
980
PBDI
6054
1
9000
CABA
1194
7298
881
Store 881
-25.6841 -78.0657
981
JKIX
3917
2
9010
QTEV
1753
9011
XPZF
2700
8420
882
Store 882
53.5298 -151.8741
982
YXVA
6108
2
9020
UISC
1554
9021
CDCS
1949
9661
883
Store 883
15.5159 69.6060
983
PXSJ
6628
1
9030
MDRX
1323
8001
884
Store 884
-7.7483 81.0761
984
EGKX
2601
1
9040
JNHK
1328
3979
885
Store 885
-65.7140 -75.5498
985
MNNX
2882
1
9050
DRTW
1923
4855
886
Store 886
-49.2230 22.5721
986
HMGT
5468
2
9060
AIAV
2353
9061
HUAF
2033
9904
887
Store 887
-82.6664 -148.7539
987
FGWZ
4835
2
9070
JDOW
1823
9071
JKOI
1400
8108
888
Store 888
43.3616 176.5831
988
ZKZZ
2145
1
9080
SOUR
1440
3635
889
Store 889
-65.8843 59.4214
989
NPPV
6585
2
9090
INNK
1418
9091
SGJD
2292
10345
890
Store 890
88.9288 -162.7290
990
SGWD
3141
3
9100
HWQG
2673
9101
DSIL
1865
9102
UXPT
2480
10209
891
Store 891
27.2112 -64.3873
991
SCRT
3920
3
9110
JUZU
1766
9111
GYVG
1025
9112
CXFZ
1477
8238
892
Store 892
-48.4814 -88.6239
992
WUTL
3754
1
9120
SDRG
2641
6445
893
Store 893
24.5415 159.1583
993
FBEY
4553
3
9130
YMIL
1818
9131
XCOG
2065
9132
KZLB
1720
10206
894
Store 894
59.6658 109.6194
994
UAXN
4066
3
9140
KPML
2413
9141
UQKG
2932
9142
DOQO
2712
12173
895
Store 895
-66.9335 -95.7982
995
BMSC
3927
1
9150
DYTC
2700
6677
896
Store 896
-63.9177 -149.1604
996
YZSD
4566
2
9160
PKUM
1376
9161
XELH
1270
7262
897
Store 897
51.5632 -107.4660
997
GZCF
6950
2
9170
QMJU
1098
9171
LRAA
2728
10826
898
Store 898
-69.3396 161.3556
998
WYEZ
6944
3
9180
JSRN
2015
9181
OUGF
1014
9182
PDAT
2997
13020
899
Store 899
60.1163 45.4573
999
VNAF
2540
2
9190
NGXO
1784
9191
ZBCI
1798
6172
900
Store 900
-9.9896 160.0812
1000
SJQD
4647
2
9200
LZDO
2456
9201
CQRZ
2197
9350
901
Store 901
11.3794 87.6241
1001
VPIC
3632
2
9210
TXIT
1407
9211
WLFK
2681
7770
902
Store 902
-28.6285 -21.3855
1002
QLJQ
3450
2
9220
TTUS
2547
9221
XKAS
1876
7923
903
Store 903
71.4875 29.8453
1003
AWCF
6693
2
9230
PIJM
2432
9231
UMGA
2921
12096
904
Store 904
-4.2821 -26.6701
1004
SWWP
6633
2
9240
ZBLZ
2163
9241
FWXS
1587
10433
905
Store 905
-72.5752 69.9246
1005
HVSO
5415
3
9250
ODCT
1231
9251
AFCT
1692
9252
FEBK
1021
9409
906
Store 906
39.7195 19.0344
1006
DXRA
2532
1
9260
QGWW
2998
5580
907
Store 907
-78.1838 40.9638
1007
SFGV
3772
3
9270
RWOK
2146
9271
IWSB
1978
9272
WSYJ
1529
9475
908
Store 908
-9.5007 177.7917
1008
IPJM
2270
3
9280
HGSV
1736
9281
NBFM
2221
9282
GQPP
1523
7800
909
Store 909
62.3905 9.2013
1009
LFXG
2344
2
9290
XHGZ
2849
9291
TYOB
1943
7186
910
Store 910
-31.1499 14.9034
1010
KVOI
3270
2
9300
NJEO
2414
9301
MWPC
1945
7679
911
Store 911
-57.8420 16.7931
1011
VMWA
4860
1
9310
ZIYC
1202
6112
912
Store 912
22.9209 -81.5046
1012
BDNR
5579
1
9320
WVVO
1789
7418
913
Store 913
8.3306 -127.6046
1013
BFIR
5126
3
9330
DXDZ
2628
9331
GEWM
1063
9332
JBPR
2507
11374
914
Store 914
-61.1490 85.7894
1014
NFJE
3427
3
9340
ULLQ
1368
9341
DQIO
1454
9342
LBEV
2116
8415
915
Store 915
-64.3461 13.7938
1015
TOZT
2277
3
9350
TFXV
2915
9351
YRDE
1806
9352
MIBI
2162
9210
916
Store 916
-11.9617 -170.1999
1016
OTNM
2835
2
9360
XUEA
2637
9361
KIJZ
1302
6824
917
Store 917
-33.4077 -26.6042
1017
HVZD
6426
2
9370
EPCC
1196
9371
TCNX
2626
10298
918
Store 918
-75.3987 126.0665
1018
WNED
5519
3
9380
VMRZ
1017
9381
GYNI
1830
9382
QSIR
2426
10842
919
Store 919
49.7504 73.9018
1019
QIBU
3252
1
9390
BDIZ
1852
5154
920
Store 920
-77.4093 -84.0974
1020
RSYO
3588
2
9400
BABE
1111
9401
ROQU
1733
6482
921
Store 921
24.8271 115.6291
1021
DCCC
4699
2
9410
TTCB
1047
9411
DJEC
2014
7810
922
Store 922
43.7461 -45.2486
1022
NUTT
5966
3
9420
TCTD
2577
9421
XDXF
2822
9422
WGFC
1669
13084
923
Store 923
-12.7418 -51.8296
1023
YUXM
6540
3
9430
KGUI
1775
9431
YZRA
2329
9432
AEXI
2669
13363
924
Store 924
36.3356 -34.0532
1024
EXUW
4499
1
9440
WTHJ
2839
7388
925
Store 925
35.7533 -154.4340
1025
BIWY
3652
2
9450
KHDG
2515
9451
AQEP
2906
9123
926
Store 926
-66.8511 -15.9911
1026
XPYM
3204
3
9460
YCEG
1102
9461
FKRF
1571
9462
RYDB
1837
7764
927
Store 927
-78.9529 -162.1906
1027
ROVY
3213
2
9470
OBDG
2344
9471
ZJON
2403
8010
928
Store 928
-63.1980 -26.9668
1028
JHMG
6778
2
9480
UAXJ
1830
9481
SWES
1759
10417
929
Store 929
66.0820 -108.9053
1029
RDLT
3145
3
9490
GPXX
2469
9491
CRZL
2306
9492
GDNW
1197
9167
930
Store 930
-11.4069 -114.8711
1030
XBAD
5589
2
9500
XIBX
2275
9501
LJUR
1452
9366
931
Store 931
67.8564 -178.7146
1031
LWRF
4586
3
9510
JEPR
1477
9511
DMLO
1873
9512
AJMK
1039
9025
932
Store 932
-40.5216 28.2852
1032
MQLD
6334
2
9520
LRIS
1715
9521
MHMR
2867
10966
933
Store 933
-16.0652 -121.6828
1033
GECE
6413
1
9530
UWXZ
2308
8771
934
Store 934
-68.3343 160.6305
1034
VEWA
6471
1
9540
OMPO
1763
8284
935
Store 935
-60.5997 152.2806
1035
YASN
2723
1
9550
DYBP
2588
5361
936
Store 936
-62.1268 30.4605
1036
OMDJ
2722
2
9560
UCVV
1466
9561
ANIK
2431
6669
937
Store 937
-51.4588 -154.2253
1037
INOM
5666
2
9570
EWIU
1129
9571
SLLU
2744
9589
938
Store 938
-74.8000 21.7920
1038
RVFG
5460
3
9580
ZLPE
1899
9581
IYZS
2472
9582
WCIT
1383
11264
939
Store 939
84.0287 28.9663
1039
OGCN
4967
1
9590
WUMK
1725
6742
940
Store 940
49.3439 -44.7761
1040
EZSS
4082
2
9600
NATS
2419
9601
LHSW
2447
8998
941
Store 941
-69.3670 -42.3261
1041
GRLN
5377
2
9610
FIBG
2525
9611
HQUB
1438
9390
942
Store 942
47.1355 -148.2815
1042
OXSR
4597
2
9620
UGOT
2908
9621
HCCJ
1777
9332
943
Store 943
-83.8530 176.3964
1043
MCIV
2578
3
9630
OUIM
1899
9631
CICB
1467
9632
XOPL
2707
8701
944
Store 944
-75.1515 37.5469
1044
OVZL
6092
3
9640
ZMMC
2400
9641
BLZB
2800
9642
QIQL
1480
12822
945
Store 945
56.4522 -29.1751
1045
WEOL
4777
2
9650
JIGQ
1700
9651
TPKQ
1787
8314
946
Store 946
86.1821 -170.8921
1046
REKB
2179
2
9660
CWNY
2105
9661
VDRG
2879
7213
947
Store 947
29.6667 5.5428
1047
ELVN
4089
1
9670
LTQR
1048
5187
948
Store 948
55.2876 79.0545
1048
WCAM
2224
3
9680
FIWM
2296
9681
NGKE
2723
9682
BQXA
2417
9710
949
Store 949
-80.1285 114.8711
1049
SQPK
5770
2
9690
CQMK
1046
9691
SVPX
1348
8214
950
Store 950
-66.5874 178.4838
1050
TWRA
3803
3
9700
RYIA
2943
9701
CSSD
2223
9702
IUYX
1092
10111
951
Store 951
-4.8094 -91.7002
1051
POWT
3575
2
9710
CSCH
1407
9711
AKQZ
2118
7150
952
Store 952
-51.5577 -43.6885
1052
VGHQ
3410
3
9720
RZGP
2005
9721
ZCIZ
1387
9722
VPAJ
1130
7982
953
Store 953
-67.7960 -53.6424
1053
IFTJ
3406
2
9730
FMRU
1393
9731
VEPS
1165
6014
954
Store 954
-6.3640 -174.8912
1054
MNEY
3234
3
9740
VJHX
1821
9741
SNZX
2494
9742
QIWY
2116
9715
955
Store 955
38.0496 -156.6533
1055
VIPJ
6361
2
9750
ZUFZ
1722
9751
RQSW
2740
10873
956
Store 956
36.1873 94.4908
1056
TYUE
6706
1
9760
KRAT
2795
9551
957
Store 957
23.4867 33.3280
1057
MZEO
4369
3
9770
NETI
1058
9771
FXWE
1460
9772
NBKZ
2822
9759
958
Store 958
-6.8914 141.9202
1058
PGPM
5989
3
9780
WRTX
2652
9781
VBTI
2047
9782
FJBS
2058
12796
959
Store 959
85.6438 67.7163
1059
GFTG
3359
2
9790
WUUS
2339
9791
SGCN
2827
8575
960
Store 960
21.4982 74.7807
1060
KKBU
2295
2
9800
PWEH
2737
9801
FFPJ
2754
7836
961
Store 961
27.2167 -87.9098
1061
ERRN
5240
3
9810
LWMG
1776
9811
XBGB
2307
9812
HWGW
2717
12090
962
Store 962
68.9001 -66.1672
1062
WLHL
2241
3
9820
HNLR
1671
9821
QTFQ
1954
9822
VOAC
1078
6994
963
Store 963
10.9619 -20.9021
1063
ATVT
2863
3
9830
HNNJ
1559
9831
PYHU
2015
9832
JPGV
2181
8668
964
Store 964
-55.9963 170.5075
1064
FSAE
3161
2
9840
VMEP
2634
9841
QTKY
2206
8051
965
Store 965
-30.9687 -172.6170
1065
MRVD
4236
2
9850
FSKG
1728
9851
CELQ
2798
8812
966
Store 966
-69.8999 15.6285
1066
MSWM
3922
1
9860
OYZK
1255
5227
967
Store 967
27.9199 -21.0999
1067
KBQY
2829
1
9870
ASNL
2744
5623
968
Store 968
-12.0936 54.3455
1068
FTGX
3276
2
9880
KJNZ
1171
9881
YOLW
1668
6165
969
Store 969
54.4527 -115.5412
1069
BWCC
6196
3
9890
FXFF
1288
9891
EOKL
2307
9892
CIFV
1639
11480
970
Store 970
77.7554 -66.8484
1070
VGYO
4496
1
9900
IEXB
1307
5853
971
Store 971
-78.0520 -54.3016
1071
HXQV
6891
3
9910
KESF
1260
9911
YYQE
1082
9912
KDJH
1681
10964
972
Store 972
-67.6147 157.1697
1072
HHLG
5739
1
9920
YSWV
1785
7574
973
Store 973
-11.6486 164.2341
1073
LYXE
5530
3
9930
VKXL
1939
9931
RRER
1997
9932
IFNV
2004
11520
974
Store 974
-15.0380 6.2459
1074
CPMH
5133
1
9940
WLET
1612
6795
975
Store 975
66.9115 70.9354
1075
PLEU
5838
1
9950
BAHO
2474
8362
976
Store 976
-83.0839 33.3061
1076
LVSF
5171
2
9960
GODG
2147
9961
JPME
2096
9464
977
Store 977
16.1916 -165.4646
1077
BWCG
6596
2
9970
TQCG
1785
9971
GTOZ
2495
10926
978
Store 978
-66.3457 170.7712
1078
DNXE
5665
2
9980
QSGR
1551
9981
JSTM
1459
8725
979
Store 979
-33.2539 0.8405
1079
GECV
4265
1
9990
XBVY
1027
5342
980
Store 980
84.3913 91.8320
1080
JWAN
4587
1
10000
LAOA
1898
6535
981
Store 981
-53.1068 89.7995
1081
GIXM
3828
2
10010
PNQZ
1509
10011
LWHS
2071
7458
982
Store 982
17.0705 25.8461
1082
AQDS
3735
3
10020
WTMK
2124
10021
ROTD
1113
10022
ASEK
1065
8087
983
Store 983
-41.1313 35.1628
1083
WVCV
5436
2
10030
HWWQ
2201
10031
VBIJ
1474
9161
984
Store 984
50.4205 165.4207
1084
RWEE
6944
2
10040
IFBD
2366
10041
RHZO
1891
11251
985
Store 985
-8.0010 -79.8346
1085
CPUM
2736
1
10050
XQVR
1724
4510
986
Store 986
-48.4045 115.1677
1086
MIBP
5009
2
10060
ZEJC
2528
10061
ORZR
1639
9226
987
Store 987
87.6104 45.5562
1087
WZYJ
6353
2
10070
ZFXM
2123
10071
PJDF
2132
10658
988
Store 988
29.2712 0.3461
1088
IIWX
4081
3
10080
XNJW
2447
10081
ZKZA
1455
10082
KNUB
2364
10397
989
Store 989
-66.7742 -87.2726
1089
IPTL
5515
1
10090
AXWU
2200
7765
990
Store 990
51.8708 85.5916
1090
PCKW
3416
2
10100
MJHN
1777
10101
VCXY
2692
7935
991
Store 991
-27.4694 -119.4855
1091
WMGQ
5476
1
10110
YTLD
1491
7017
992
Store 992
39.0329 125.8248
1092
ONTG
5627
1
10120
SWJC
2005
7682
993
Store 993
23.2780 -11.8931
1093
UKLS
6934
3
10130
YMLY
2691
10131
XJXM
2804
10132
FONY
2485
14964
994
Store 994
44.4273 -108.6856
1094
LDTF
2746
1
10140
QHIM
1894
4690
995
Store 995
6.4849 53.4996
1095
MNGS
2039
1
10150
CXON
1039
3128
996
Store 996
73.9869 51.1814
1096
ZFXL
4389
1
10160
GKBQ
1402
5841
997
Store 997
-29.7052 -92.6011
1097
QXJB
4886
3
10170
FCNA
1392
10171
ILZO
2105
10172
LNPD
2481
10914
998
Store 998
26.5300 68.1668
1098
BGYV
6208
1
10180
WMUV
2531
8789
999
Store 999
-79.8099 -34.0971
1099
RUVK
2030
2
10190
YZAH
1929
10191
LEFJ
1715
5724
1000
Store 1000
57.7926 -58.6523
1100
XOPX
3804
1
10200
QMZR
1851
5705
